100 100
c[98][75] 129954
c[98][76] 125587
c[98][77] 107602
c[98][78] 123655
c[98][79] 116944
c[98][80] 123157
c[98][81] 116575
c[98][82] 128875
c[98][83] 119721
c[98][84] 114679
c[98][85] 111020
c[98][86] 122602
c[98][87] 97027
c[98][88] 122678
c[98][89] 120688
c[98][90] 118561
c[98][91] 117539
c[98][92] 123743
c[98][93] 115967
c[98][94] 110269
c[98][95] 120293
c[98][96] 124392
c[98][97] 98617
c[98][98] 114823
c[98][99] 122385
c[99][0] 120988
c[99][1] 123039
c[99][2] 111817
c[99][3] 104892
c[99][4] 106334
c[99][5] 122675
c[99][6] 113867
c[99][7] 123041
c[99][8] 123224
c[99][9] 123054
c[99][10] 126574
c[99][11] 117779
c[99][12] 98074
c[99][13] 129970
c[99][14] 127607
c[99][15] 116044
c[99][16] 116006
c[99][17] 108674
c[99][18] 112052
c[99][19] 118112
c[99][20] 103345
c[99][21] 123304
c[99][22] 128675
c[99][23] 114670
c[99][24] 107346
c[99][25] 119742
c[99][26] 118862
c[99][27] 129376
c[99][28] 126991
c[99][29] 120894
c[99][30] 110867
c[99][31] 114091
c[99][32] 104539
c[99][33] 125667
c[99][34] 118914
c[99][35] 116721
c[99][36] 113546
c[99][37] 126491
c[99][38] 134551
c[99][39] 121170
c[99][40] 132352
c[99][41] 117968
c[99][42] 103766
c[99][43] 117849
c[99][44] 108168
c[99][45] 114069
c[99][46] 108430
c[99][47] 141911
c[99][48] 122257
c[99][49] 117423
c[99][50] 126461
c[99][51] 115369
c[99][52] 112738
c[99][53] 112259
c[99][54] 130950
c[99][55] 112700
c[99][56] 130769
c[99][57] 127523
c[99][58] 113889
c[99][59] 122433
c[99][60] 121024
c[99][61] 107200
c[99][62] 139379
c[99][63] 107959
c[99][64] 118189
c[99][65] 114062
c[99][66] 103199
c[99][67] 120374
c[99][68] 113996
c[99][69] 118298
c[99][70] 111243
c[99][71] 111986
c[99][72] 113797
c[99][73] 106127
c[99][74] 132953
c[99][75] 124151
c[99][76] 125417
c[99][77] 113111
c[99][78] 119657
c[99][79] 119827
c[99][80] 128492
c[99][81] 113233
c[99][82] 133463
c[99][83] 119578
c[99][84] 115827
c[99][85] 115267
c[99][86] 124805
c[99][87] 102115
c[99][88] 118789
c[99][89] 119307
c[99][90] 123765
c[99][91] 122061
c[99][92] 130789
c[99][93] 118395
c[99][94] 108846
c[99][95] 116961
c[99][96] 118862
c[99][97] 110517
c[99][98] 117946
c[99][99] 131486
14
