100 100
c[77][50] 137839
c[77][51] 127379
c[77][52] 129645
c[77][53] 130999
c[77][54] 139080
c[77][55] 125261
c[77][56] 144586
c[77][57] 127118
c[77][58] 127536
c[77][59] 132811
c[77][60] 120742
c[77][61] 114194
c[77][62] 148919
c[77][63] 133847
c[77][64] 129638
c[77][65] 118711
c[77][66] 115267
c[77][67] 117399
c[77][68] 129508
c[77][69] 130013
c[77][70] 104793
c[77][71] 121435
c[77][72] 124384
c[77][73] 110103
c[77][74] 134953
c[77][75] 140030
c[77][76] 143985
c[77][77] 126839
c[77][78] 133887
c[77][79] 127734
c[77][80] 137751
c[77][81] 123781
c[77][82] 136781
c[77][83] 126058
c[77][84] 135604
c[77][85] 120911
c[77][86] 130716
c[77][87] 117260
c[77][88] 128428
c[77][89] 126073
c[77][90] 128591
c[77][91] 128196
c[77][92] 137256
c[77][93] 128511
c[77][94] 112949
c[77][95] 129858
c[77][96] 133243
c[77][97] 118596
c[77][98] 126371
c[77][99] 136337
c[78][0] 125005
c[78][1] 121347
c[78][2] 114080
c[78][3] 110734
c[78][4] 103159
c[78][5] 119745
c[78][6] 110871
c[78][7] 114536
c[78][8] 127436
c[78][9] 113829
c[78][10] 123303
c[78][11] 118686
c[78][12] 111621
c[78][13] 132840
c[78][14] 129308
c[78][15] 129007
c[78][16] 125959
c[78][17] 107506
c[78][18] 113246
c[78][19] 112861
c[78][20] 116137
c[78][21] 118888
c[78][22] 128575
c[78][23] 114461
c[78][24] 110953
c[78][25] 122865
c[78][26] 124239
c[78][27] 126452
c[78][28] 128491
c[78][29] 128410
c[78][30] 116041
c[78][31] 113782
c[78][32] 105944
c[78][33] 124746
c[78][34] 121825
c[78][35] 128604
c[78][36] 110296
c[78][37] 119173
c[78][38] 126192
c[78][39] 119838
c[78][40] 130615
c[78][41] 124812
c[78][42] 113902
c[78][43] 122910
c[78][44] 117307
c[78][45] 124986
c[78][46] 108243
c[78][47] 150110
c[78][48] 126769
c[78][49] 112460
c[78][50] 125191
c[78][51] 114741
c[78][52] 129401
c[78][53] 116018
c[78][54] 138024
c[78][55] 116207
c[78][56] 130441
c[78][57] 125509
c[78][58] 113209
c[78][59] 121453
c[78][60] 114268
c[78][61] 112700
c[78][62] 139384
c[78][63] 121896
c[78][64] 110023
c[78][65] 113661
c[78][66] 106402
c[78][67] 122922
c[78][68] 121611
c[78][69] 123172
c[78][70] 109918
c[78][71] 122637
c[78][72] 115528
c[78][73] 118559
c[78][74] 137216
19
