100 100
c[68][75] 130078
c[68][76] 127181
c[68][77] 105243
c[68][78] 118454
c[68][79] 122659
c[68][80] 122430
c[68][81] 110691
c[68][82] 120563
c[68][83] 114547
c[68][84] 114061
c[68][85] 107171
c[68][86] 120450
c[68][87] 98883
c[68][88] 110159
c[68][89] 110570
c[68][90] 113219
c[68][91] 117682
c[68][92] 121960
c[68][93] 109897
c[68][94] 109715
c[68][95] 115963
c[68][96] 118253
c[68][97] 107968
c[68][98] 112917
c[68][99] 123416
c[69][0] 123579
c[69][1] 135303
c[69][2] 136946
c[69][3] 118905
c[69][4] 112421
c[69][5] 127906
c[69][6] 129957
c[69][7] 120727
c[69][8] 132284
c[69][9] 128864
c[69][10] 137461
c[69][11] 120877
c[69][12] 111757
c[69][13] 142470
c[69][14] 142241
c[69][15] 130201
c[69][16] 127362
c[69][17] 124030
c[69][18] 124168
c[69][19] 120556
c[69][20] 121195
c[69][21] 122014
c[69][22] 133408
c[69][23] 125719
c[69][24] 125660
c[69][25] 127137
c[69][26] 142707
c[69][27] 134014
c[69][28] 145651
c[69][29] 141324
c[69][30] 128803
c[69][31] 123846
c[69][32] 117172
c[69][33] 133073
c[69][34] 122924
c[69][35] 125585
c[69][36] 120931
c[69][37] 134908
c[69][38] 139230
c[69][39] 129799
c[69][40] 138424
c[69][41] 131015
c[69][42] 112494
c[69][43] 127763
c[69][44] 126034
c[69][45] 130134
c[69][46] 121719
c[69][47] 158178
c[69][48] 139648
c[69][49] 121115
c[69][50] 141298
c[69][51] 128840
c[69][52] 123739
c[69][53] 136707
c[69][54] 138924
c[69][55] 116438
c[69][56] 137709
c[69][57] 137527
c[69][58] 133260
c[69][59] 125507
c[69][60] 129929
c[69][61] 126289
c[69][62] 152114
c[69][63] 133122
c[69][64] 126479
c[69][65] 114156
c[69][66] 113800
c[69][67] 123796
c[69][68] 131801
c[69][69] 134616
c[69][70] 117859
c[69][71] 125001
c[69][72] 125183
c[69][73] 122074
c[69][74] 147508
c[69][75] 139992
c[69][76] 145904
c[69][77] 119689
c[69][78] 134826
c[69][79] 136988
c[69][80] 147623
c[69][81] 133108
c[69][82] 139526
c[69][83] 141400
c[69][84] 128557
c[69][85] 119596
c[69][86] 134028
c[69][87] 115570
c[69][88] 130887
c[69][89] 128302
c[69][90] 130240
c[69][91] 132330
c[69][92] 140488
c[69][93] 127153
c[69][94] 120784
c[69][95] 124197
c[69][96] 127423
c[69][97] 121567
c[69][98] 129600
c[69][99] 138029
13
