100 100
c[10][0] 141737
c[10][1] 117916
c[10][2] 126258
c[10][3] 127328
c[10][4] 110824
c[10][5] 125360
c[10][6] 118355
c[10][7] 144776
c[10][8] 133213
c[10][9] 118054
c[10][10] 125184
c[10][11] 131221
c[10][12] 118881
c[10][13] 146518
c[10][14] 138684
c[10][15] 137515
c[10][16] 121270
c[10][17] 130202
c[10][18] 127121
c[10][19] 128291
c[10][20] 116685
c[10][21] 142866
c[10][22] 145352
c[10][23] 128744
c[10][24] 130059
c[10][25] 132738
c[10][26] 135432
c[10][27] 137918
c[10][28] 134072
c[10][29] 134767
c[10][30] 130723
c[10][31] 114875
c[10][32] 118583
c[10][33] 135906
c[10][34] 127339
c[10][35] 133173
c[10][36] 132220
c[10][37] 132452
c[10][38] 146647
c[10][39] 137275
c[10][40] 141135
c[10][41] 133036
c[10][42] 121045
c[10][43] 135391
c[10][44] 122955
c[10][45] 131112
c[10][46] 124058
c[10][47] 152172
c[10][48] 142055
c[10][49] 126400
c[10][50] 136869
c[10][51] 130340
c[10][52] 134264
c[10][53] 116938
c[10][54] 135558
c[10][55] 121857
c[10][56] 133601
c[10][57] 135680
c[10][58] 127805
c[10][59] 144968
c[10][60] 133183
c[10][61] 126968
c[10][62] 152898
c[10][63] 132645
c[10][64] 129526
c[10][65] 125306
c[10][66] 115892
c[10][67] 127637
c[10][68] 127716
c[10][69] 135888
c[10][70] 122076
c[10][71] 125549
c[10][72] 126985
c[10][73] 122400
c[10][74] 134287
c[10][75] 137065
c[10][76] 138318
c[10][77] 122741
c[10][78] 126833
c[10][79] 132980
c[10][80] 145756
c[10][81] 123794
c[10][82] 129815
c[10][83] 131021
c[10][84] 135382
c[10][85] 128322
c[10][86] 134749
c[10][87] 121882
c[10][88] 129248
c[10][89] 127731
c[10][90] 130680
c[10][91] 129829
c[10][92] 152549
c[10][93] 124049
c[10][94] 120476
c[10][95] 137009
c[10][96] 134429
c[10][97] 121846
c[10][98] 137123
c[10][99] 132749
c[11][0] 116974
c[11][1] 116351
c[11][2] 125922
c[11][3] 102933
c[11][4] 97576
c[11][5] 115911
c[11][6] 108446
c[11][7] 115480
c[11][8] 115236
c[11][9] 107518
c[11][10] 113761
c[11][11] 117304
c[11][12] 114849
c[11][13] 125762
c[11][14] 126501
c[11][15] 122983
c[11][16] 122271
c[11][17] 112820
c[11][18] 106645
c[11][19] 100222
c[11][20] 112148
c[11][21] 121479
c[11][22] 123079
c[11][23] 113917
c[11][24] 110285
17
