Matriz;P;Qtd_threads;Tempo;
M2200x2200;605000;8;16412007;
M2200x2200;605000;8;16073160;
M2200x2200;605000;8;17963211;
M2200x2200;605000;8;18318098;
M2200x2200;605000;8;18711418;
M2200x2200;605000;8;18549637;
M2200x2200;605000;8;19308546;
M2200x2200;605000;8;19920390;
M2200x2200;605000;8;19455985;
M2200x2200;605000;8;18447857;
M2200x2200;691428;8;19121903;
M2200x2200;691428;8;20448256;
M2200x2200;691428;8;20853687;
M2200x2200;691428;8;20977321;
M2200x2200;691428;8;21027398;
M2200x2200;691428;8;20769384;
M2200x2200;691428;8;21272263;
M2200x2200;691428;8;21384643;
M2200x2200;691428;8;20902067;
M2200x2200;691428;8;20680314;
M2200x2200;806666;7;20766389;
M2200x2200;806666;7;21838964;
M2200x2200;806666;7;22247342;
M2200x2200;806666;7;22180729;
M2200x2200;806666;7;22552910;
M2200x2200;806666;7;22948177;
M2200x2200;806666;7;22340007;
M2200x2200;806666;7;22073060;
M2200x2200;806666;7;22313312;
M2200x2200;806666;7;22977711;
M2200x2200;968000;5;24271914;
M2200x2200;968000;5;26984287;
M2200x2200;968000;5;26934717;
M2200x2200;968000;5;26428899;
M2200x2200;968000;5;25187538;
M2200x2200;968000;5;25589511;
M2200x2200;968000;5;26277797;
M2200x2200;968000;5;28098522;
M2200x2200;968000;5;26538308;
M2200x2200;968000;5;26364082;
M2200x2200;1210000;4;29086625;
M2200x2200;1210000;4;28712126;
M2200x2200;1210000;4;30572960;
M2200x2200;1210000;4;29901423;
M2200x2200;1210000;4;29176783;
M2200x2200;1210000;4;30283144;
M2200x2200;1210000;4;29965713;
M2200x2200;1210000;4;30730425;
M2200x2200;1210000;4;30595402;
M2200x2200;1210000;4;30773870;
M2200x2200;1614000;3;38835897;
M2200x2200;1614000;3;38058061;
M2200x2200;1614000;3;41699692;
M2200x2200;1614000;3;39609074;
M2200x2200;1614000;3;40730149;
M2200x2200;1614000;3;39753693;
M2200x2200;1614000;3;38574320;
M2200x2200;1614000;3;39086243;
M2200x2200;1614000;3;40664357;
M2200x2200;1614000;3;39129384;
M2200x2200;2420000;2;52544828;
M2200x2200;2420000;2;55432643;
M2200x2200;2420000;2;54841241;
M2200x2200;2420000;2;58355978;
M2200x2200;2420000;2;56957642;
M2200x2200;2420000;2;57008635;
M2200x2200;2420000;2;59779384;
M2200x2200;2420000;2;58577815;
M2200x2200;2420000;2;58912257;
M2200x2200;2420000;2;58016848;

