100 100
c[53][75] 135460
c[53][76] 131037
c[53][77] 111834
c[53][78] 121707
c[53][79] 120574
c[53][80] 130820
c[53][81] 117395
c[53][82] 122726
c[53][83] 122381
c[53][84] 117547
c[53][85] 106929
c[53][86] 126844
c[53][87] 107102
c[53][88] 118321
c[53][89] 119289
c[53][90] 125277
c[53][91] 122424
c[53][92] 129139
c[53][93] 119395
c[53][94] 113366
c[53][95] 126960
c[53][96] 120208
c[53][97] 106616
c[53][98] 123903
c[53][99] 122092
c[54][0] 131150
c[54][1] 125847
c[54][2] 121831
c[54][3] 122702
c[54][4] 103979
c[54][5] 127602
c[54][6] 125491
c[54][7] 132218
c[54][8] 133839
c[54][9] 124058
c[54][10] 124872
c[54][11] 130024
c[54][12] 126731
c[54][13] 143824
c[54][14] 132267
c[54][15] 134645
c[54][16] 133899
c[54][17] 118058
c[54][18] 125983
c[54][19] 123896
c[54][20] 119976
c[54][21] 128672
c[54][22] 143810
c[54][23] 130692
c[54][24] 127331
c[54][25] 130147
c[54][26] 143166
c[54][27] 133600
c[54][28] 136145
c[54][29] 139918
c[54][30] 128467
c[54][31] 105622
c[54][32] 114164
c[54][33] 133355
c[54][34] 129122
c[54][35] 120811
c[54][36] 116806
c[54][37] 131643
c[54][38] 141739
c[54][39] 132755
c[54][40] 134962
c[54][41] 133216
c[54][42] 114441
c[54][43] 133840
c[54][44] 120195
c[54][45] 136108
c[54][46] 117383
c[54][47] 156180
c[54][48] 135417
c[54][49] 123263
c[54][50] 141188
c[54][51] 126107
c[54][52] 133500
c[54][53] 129179
c[54][54] 137971
c[54][55] 115698
c[54][56] 140370
c[54][57] 133560
c[54][58] 129933
c[54][59] 134269
c[54][60] 123406
c[54][61] 123445
c[54][62] 144864
c[54][63] 128608
c[54][64] 127294
c[54][65] 121035
c[54][66] 116676
c[54][67] 121161
c[54][68] 130688
c[54][69] 134451
c[54][70] 111181
c[54][71] 129384
c[54][72] 128814
c[54][73] 122355
c[54][74] 140956
c[54][75] 145888
c[54][76] 140824
c[54][77] 118912
c[54][78] 125417
c[54][79] 135268
c[54][80] 133859
c[54][81] 132537
c[54][82] 128799
c[54][83] 137043
c[54][84] 138780
c[54][85] 123228
c[54][86] 131122
c[54][87] 118237
c[54][88] 125910
c[54][89] 123269
c[54][90] 132009
c[54][91] 128210
c[54][92] 142235
c[54][93] 130229
c[54][94] 123162
c[54][95] 133894
c[54][96] 133856
c[54][97] 121757
c[54][98] 137804
c[54][99] 144435
20
