100 100
c[22][50] 130532
c[22][51] 116815
c[22][52] 117842
c[22][53] 114987
c[22][54] 124161
c[22][55] 105937
c[22][56] 129164
c[22][57] 123051
c[22][58] 112960
c[22][59] 116553
c[22][60] 122403
c[22][61] 113169
c[22][62] 139427
c[22][63] 113663
c[22][64] 110349
c[22][65] 108685
c[22][66] 110648
c[22][67] 119519
c[22][68] 118433
c[22][69] 124845
c[22][70] 104250
c[22][71] 117471
c[22][72] 112667
c[22][73] 102074
c[22][74] 135446
c[22][75] 120238
c[22][76] 126731
c[22][77] 103320
c[22][78] 122704
c[22][79] 124875
c[22][80] 125132
c[22][81] 120111
c[22][82] 130513
c[22][83] 118348
c[22][84] 116300
c[22][85] 104770
c[22][86] 127136
c[22][87] 107583
c[22][88] 121294
c[22][89] 117640
c[22][90] 123764
c[22][91] 130388
c[22][92] 128372
c[22][93] 119544
c[22][94] 120707
c[22][95] 121385
c[22][96] 119020
c[22][97] 105493
c[22][98] 111983
c[22][99] 124316
c[23][0] 110722
c[23][1] 106168
c[23][2] 108332
c[23][3] 101560
c[23][4] 95945
c[23][5] 111708
c[23][6] 109927
c[23][7] 113290
c[23][8] 119322
c[23][9] 116537
c[23][10] 124532
c[23][11] 114627
c[23][12] 106133
c[23][13] 126438
c[23][14] 120378
c[23][15] 117029
c[23][16] 118682
c[23][17] 109438
c[23][18] 106893
c[23][19] 107194
c[23][20] 114823
c[23][21] 114041
c[23][22] 123130
c[23][23] 113303
c[23][24] 108910
c[23][25] 119258
c[23][26] 125239
c[23][27] 126586
c[23][28] 121832
c[23][29] 125037
c[23][30] 116430
c[23][31] 109453
c[23][32] 104262
c[23][33] 116307
c[23][34] 113196
c[23][35] 112491
c[23][36] 102935
c[23][37] 115006
c[23][38] 121134
c[23][39] 113388
c[23][40] 124563
c[23][41] 113341
c[23][42] 102542
c[23][43] 113394
c[23][44] 107494
c[23][45] 112697
c[23][46] 102164
c[23][47] 140015
c[23][48] 120743
c[23][49] 111372
c[23][50] 124016
c[23][51] 117835
c[23][52] 125249
c[23][53] 107740
c[23][54] 122055
c[23][55] 106876
c[23][56] 127391
c[23][57] 117747
c[23][58] 120867
c[23][59] 120703
c[23][60] 107408
c[23][61] 112345
c[23][62] 129989
c[23][63] 112072
c[23][64] 119012
c[23][65] 96840
c[23][66] 104083
c[23][67] 108157
c[23][68] 118262
c[23][69] 117945
c[23][70] 98386
c[23][71] 114407
c[23][72] 114258
c[23][73] 115134
c[23][74] 121017
20
