100 100
c[35][0] 108689
c[35][1] 108251
c[35][2] 116329
c[35][3] 104502
c[35][4] 98724
c[35][5] 108410
c[35][6] 109308
c[35][7] 108095
c[35][8] 106943
c[35][9] 108639
c[35][10] 113862
c[35][11] 108161
c[35][12] 100509
c[35][13] 116702
c[35][14] 119244
c[35][15] 118787
c[35][16] 114965
c[35][17] 105606
c[35][18] 92929
c[35][19] 108689
c[35][20] 106314
c[35][21] 112713
c[35][22] 116285
c[35][23] 110042
c[35][24] 111756
c[35][25] 113759
c[35][26] 122473
c[35][27] 118962
c[35][28] 120617
c[35][29] 116565
c[35][30] 112678
c[35][31] 101602
c[35][32] 106603
c[35][33] 115155
c[35][34] 108852
c[35][35] 115638
c[35][36] 105035
c[35][37] 112589
c[35][38] 120082
c[35][39] 117315
c[35][40] 119546
c[35][41] 117307
c[35][42] 100132
c[35][43] 107405
c[35][44] 107169
c[35][45] 106275
c[35][46] 102468
c[35][47] 131695
c[35][48] 115684
c[35][49] 105290
c[35][50] 114616
c[35][51] 113671
c[35][52] 104530
c[35][53] 109270
c[35][54] 117663
c[35][55] 99007
c[35][56] 120297
c[35][57] 114503
c[35][58] 114800
c[35][59] 111135
c[35][60] 105032
c[35][61] 103969
c[35][62] 129565
c[35][63] 114200
c[35][64] 108715
c[35][65] 107218
c[35][66] 95554
c[35][67] 103976
c[35][68] 100596
c[35][69] 114896
c[35][70] 93851
c[35][71] 101756
c[35][72] 108996
c[35][73] 103950
c[35][74] 127725
c[35][75] 123425
c[35][76] 124715
c[35][77] 110209
c[35][78] 111173
c[35][79] 113909
c[35][80] 119151
c[35][81] 111751
c[35][82] 120992
c[35][83] 117026
c[35][84] 103778
c[35][85] 104990
c[35][86] 104332
c[35][87] 101913
c[35][88] 107554
c[35][89] 105618
c[35][90] 117800
c[35][91] 111225
c[35][92] 119192
c[35][93] 111950
c[35][94] 100321
c[35][95] 105847
c[35][96] 110247
c[35][97] 104213
c[35][98] 105848
c[35][99] 111551
c[36][0] 122047
c[36][1] 124997
c[36][2] 113380
c[36][3] 110660
c[36][4] 101566
c[36][5] 117650
c[36][6] 118808
c[36][7] 125749
c[36][8] 128926
c[36][9] 120148
c[36][10] 123332
c[36][11] 108248
c[36][12] 104975
c[36][13] 134563
c[36][14] 132018
c[36][15] 125458
c[36][16] 115548
c[36][17] 118789
c[36][18] 124315
c[36][19] 120383
c[36][20] 116069
c[36][21] 124144
c[36][22] 135449
c[36][23] 127819
c[36][24] 112720
18
