100 100
c[52][50] 145503
c[52][51] 130911
c[52][52] 126694
c[52][53] 128637
c[52][54] 148746
c[52][55] 117498
c[52][56] 145428
c[52][57] 132857
c[52][58] 128646
c[52][59] 140469
c[52][60] 124786
c[52][61] 123466
c[52][62] 149152
c[52][63] 133552
c[52][64] 123053
c[52][65] 118919
c[52][66] 112879
c[52][67] 130716
c[52][68] 133471
c[52][69] 138397
c[52][70] 121497
c[52][71] 124383
c[52][72] 130002
c[52][73] 132493
c[52][74] 143552
c[52][75] 150629
c[52][76] 136680
c[52][77] 125016
c[52][78] 125330
c[52][79] 135255
c[52][80] 138619
c[52][81] 135371
c[52][82] 138228
c[52][83] 132635
c[52][84] 131983
c[52][85] 124719
c[52][86] 132133
c[52][87] 122168
c[52][88] 136130
c[52][89] 127915
c[52][90] 134294
c[52][91] 133346
c[52][92] 149847
c[52][93] 129906
c[52][94] 125680
c[52][95] 131487
c[52][96] 132504
c[52][97] 118465
c[52][98] 135259
c[52][99] 145297
c[53][0] 120569
c[53][1] 108426
c[53][2] 115546
c[53][3] 116189
c[53][4] 100141
c[53][5] 117564
c[53][6] 112940
c[53][7] 122979
c[53][8] 126209
c[53][9] 111455
c[53][10] 117677
c[53][11] 114448
c[53][12] 104062
c[53][13] 124032
c[53][14] 127407
c[53][15] 123307
c[53][16] 122097
c[53][17] 110436
c[53][18] 113286
c[53][19] 115131
c[53][20] 110349
c[53][21] 125817
c[53][22] 129559
c[53][23] 112017
c[53][24] 113054
c[53][25] 111250
c[53][26] 118867
c[53][27] 122768
c[53][28] 118040
c[53][29] 122824
c[53][30] 114383
c[53][31] 114896
c[53][32] 103257
c[53][33] 119616
c[53][34] 119601
c[53][35] 126048
c[53][36] 111375
c[53][37] 120608
c[53][38] 126403
c[53][39] 119300
c[53][40] 131297
c[53][41] 118152
c[53][42] 106831
c[53][43] 117919
c[53][44] 117737
c[53][45] 114584
c[53][46] 109328
c[53][47] 148692
c[53][48] 125988
c[53][49] 110602
c[53][50] 131368
c[53][51] 118016
c[53][52] 125590
c[53][53] 114198
c[53][54] 136744
c[53][55] 110893
c[53][56] 122080
c[53][57] 121074
c[53][58] 113738
c[53][59] 131748
c[53][60] 111084
c[53][61] 110320
c[53][62] 132500
c[53][63] 115094
c[53][64] 112004
c[53][65] 110430
c[53][66] 98098
c[53][67] 124169
c[53][68] 124449
c[53][69] 125837
c[53][70] 107925
c[53][71] 116293
c[53][72] 114566
c[53][73] 107526
c[53][74] 135842
11
