100 100
c[78][75] 129478
c[78][76] 131852
c[78][77] 117759
c[78][78] 122540
c[78][79] 120417
c[78][80] 134408
c[78][81] 124059
c[78][82] 122165
c[78][83] 118756
c[78][84] 128919
c[78][85] 111718
c[78][86] 121309
c[78][87] 108744
c[78][88] 119951
c[78][89] 120498
c[78][90] 120990
c[78][91] 118107
c[78][92] 132145
c[78][93] 117430
c[78][94] 113884
c[78][95] 126496
c[78][96] 129765
c[78][97] 105989
c[78][98] 123984
c[78][99] 130112
c[79][0] 115519
c[79][1] 123039
c[79][2] 115863
c[79][3] 107762
c[79][4] 101107
c[79][5] 121351
c[79][6] 105743
c[79][7] 117390
c[79][8] 128569
c[79][9] 115238
c[79][10] 113888
c[79][11] 117930
c[79][12] 104277
c[79][13] 129586
c[79][14] 129779
c[79][15] 129049
c[79][16] 116145
c[79][17] 113184
c[79][18] 113190
c[79][19] 108631
c[79][20] 112633
c[79][21] 120224
c[79][22] 123183
c[79][23] 115351
c[79][24] 111195
c[79][25] 118635
c[79][26] 120374
c[79][27] 125298
c[79][28] 132855
c[79][29] 122991
c[79][30] 110511
c[79][31] 113175
c[79][32] 106544
c[79][33] 117339
c[79][34] 121491
c[79][35] 117526
c[79][36] 105607
c[79][37] 116488
c[79][38] 126950
c[79][39] 128177
c[79][40] 127644
c[79][41] 116333
c[79][42] 104786
c[79][43] 116560
c[79][44] 114488
c[79][45] 114192
c[79][46] 105258
c[79][47] 145801
c[79][48] 122453
c[79][49] 112267
c[79][50] 130272
c[79][51] 111753
c[79][52] 116486
c[79][53] 112332
c[79][54] 131914
c[79][55] 111464
c[79][56] 124036
c[79][57] 119350
c[79][58] 103757
c[79][59] 126181
c[79][60] 109796
c[79][61] 110395
c[79][62] 137724
c[79][63] 123136
c[79][64] 112977
c[79][65] 103791
c[79][66] 100331
c[79][67] 113059
c[79][68] 114887
c[79][69] 124269
c[79][70] 116207
c[79][71] 112241
c[79][72] 106731
c[79][73] 105060
c[79][74] 127227
c[79][75] 124702
c[79][76] 124851
c[79][77] 109119
c[79][78] 121473
c[79][79] 121661
c[79][80] 127938
c[79][81] 116627
c[79][82] 122287
c[79][83] 123668
c[79][84] 121993
c[79][85] 111887
c[79][86] 117665
c[79][87] 107412
c[79][88] 120148
c[79][89] 117001
c[79][90] 120641
c[79][91] 122110
c[79][92] 129905
c[79][93] 119671
c[79][94] 116653
c[79][95] 120758
c[79][96] 123996
c[79][97] 107029
c[79][98] 118939
c[79][99] 130300
15
