100 100
c[96][25] 136334
c[96][26] 156767
c[96][27] 141321
c[96][28] 146420
c[96][29] 139067
c[96][30] 129351
c[96][31] 123636
c[96][32] 124326
c[96][33] 145161
c[96][34] 135194
c[96][35] 135732
c[96][36] 127432
c[96][37] 144324
c[96][38] 149110
c[96][39] 140916
c[96][40] 150226
c[96][41] 142830
c[96][42] 122504
c[96][43] 138680
c[96][44] 122189
c[96][45] 139076
c[96][46] 131978
c[96][47] 159866
c[96][48] 141226
c[96][49] 133123
c[96][50] 144048
c[96][51] 134977
c[96][52] 133085
c[96][53] 128978
c[96][54] 146451
c[96][55] 123828
c[96][56] 141301
c[96][57] 140884
c[96][58] 135464
c[96][59] 134291
c[96][60] 124438
c[96][61] 133954
c[96][62] 160116
c[96][63] 133350
c[96][64] 133104
c[96][65] 123337
c[96][66] 120118
c[96][67] 132135
c[96][68] 136877
c[96][69] 141141
c[96][70] 122590
c[96][71] 134478
c[96][72] 129335
c[96][73] 130630
c[96][74] 147951
c[96][75] 149476
c[96][76] 149828
c[96][77] 132530
c[96][78] 130936
c[96][79] 137067
c[96][80] 154543
c[96][81] 143417
c[96][82] 140027
c[96][83] 141916
c[96][84] 138495
c[96][85] 130477
c[96][86] 136616
c[96][87] 118054
c[96][88] 134652
c[96][89] 139756
c[96][90] 131847
c[96][91] 139655
c[96][92] 143067
c[96][93] 138152
c[96][94] 132284
c[96][95] 135222
c[96][96] 142613
c[96][97] 133353
c[96][98] 134233
c[96][99] 140413
c[97][0] 130748
c[97][1] 122284
c[97][2] 132053
c[97][3] 113769
c[97][4] 111329
c[97][5] 120797
c[97][6] 130604
c[97][7] 138948
c[97][8] 137216
c[97][9] 129453
c[97][10] 138070
c[97][11] 129589
c[97][12] 121067
c[97][13] 146934
c[97][14] 135884
c[97][15] 134496
c[97][16] 131959
c[97][17] 127128
c[97][18] 121939
c[97][19] 116012
c[97][20] 114199
c[97][21] 129747
c[97][22] 133476
c[97][23] 133411
c[97][24] 129309
c[97][25] 125263
c[97][26] 147602
c[97][27] 138628
c[97][28] 137881
c[97][29] 136225
c[97][30] 129899
c[97][31] 123406
c[97][32] 120610
c[97][33] 127189
c[97][34] 125702
c[97][35] 125553
c[97][36] 118928
c[97][37] 132228
c[97][38] 139175
c[97][39] 127111
c[97][40] 139703
c[97][41] 138728
c[97][42] 116894
c[97][43] 129507
c[97][44] 124762
c[97][45] 125186
c[97][46] 122340
c[97][47] 153136
c[97][48] 137399
c[97][49] 122628
12
