100 100
c[87][50] 132893
c[87][51] 129327
c[87][52] 117325
c[87][53] 118097
c[87][54] 141065
c[87][55] 112312
c[87][56] 138497
c[87][57] 125123
c[87][58] 126032
c[87][59] 130801
c[87][60] 119603
c[87][61] 114375
c[87][62] 135858
c[87][63] 125631
c[87][64] 125202
c[87][65] 114403
c[87][66] 114595
c[87][67] 128045
c[87][68] 111697
c[87][69] 131563
c[87][70] 111380
c[87][71] 109255
c[87][72] 120152
c[87][73] 120429
c[87][74] 138478
c[87][75] 137359
c[87][76] 133598
c[87][77] 116367
c[87][78] 131888
c[87][79] 126563
c[87][80] 139434
c[87][81] 118418
c[87][82] 128730
c[87][83] 127588
c[87][84] 121907
c[87][85] 110878
c[87][86] 124398
c[87][87] 116730
c[87][88] 119780
c[87][89] 126932
c[87][90] 123721
c[87][91] 122956
c[87][92] 135661
c[87][93] 127575
c[87][94] 120360
c[87][95] 127447
c[87][96] 122603
c[87][97] 117919
c[87][98] 128229
c[87][99] 126767
c[88][0] 124695
c[88][1] 121049
c[88][2] 128432
c[88][3] 123381
c[88][4] 95664
c[88][5] 116795
c[88][6] 116301
c[88][7] 125638
c[88][8] 131843
c[88][9] 125719
c[88][10] 125961
c[88][11] 118368
c[88][12] 112004
c[88][13] 140106
c[88][14] 136005
c[88][15] 124241
c[88][16] 127499
c[88][17] 113905
c[88][18] 114385
c[88][19] 121199
c[88][20] 123016
c[88][21] 127196
c[88][22] 124505
c[88][23] 115861
c[88][24] 124461
c[88][25] 118655
c[88][26] 134273
c[88][27] 137607
c[88][28] 134906
c[88][29] 128087
c[88][30] 122474
c[88][31] 115173
c[88][32] 110306
c[88][33] 126268
c[88][34] 123383
c[88][35] 129863
c[88][36] 117928
c[88][37] 124587
c[88][38] 129588
c[88][39] 127243
c[88][40] 125830
c[88][41] 121702
c[88][42] 114523
c[88][43] 128568
c[88][44] 111169
c[88][45] 115834
c[88][46] 116185
c[88][47] 140455
c[88][48] 130426
c[88][49] 105018
c[88][50] 135700
c[88][51] 126303
c[88][52] 129045
c[88][53] 119660
c[88][54] 140820
c[88][55] 108283
c[88][56] 131580
c[88][57] 127512
c[88][58] 124977
c[88][59] 128847
c[88][60] 125110
c[88][61] 116395
c[88][62] 136969
c[88][63] 128308
c[88][64] 131656
c[88][65] 111686
c[88][66] 117183
c[88][67] 123766
c[88][68] 123026
c[88][69] 133315
c[88][70] 112031
c[88][71] 122823
c[88][72] 130669
c[88][73] 117630
c[88][74] 137616
50
