100 100
c[48][75] 131354
c[48][76] 129292
c[48][77] 103948
c[48][78] 119596
c[48][79] 117463
c[48][80] 130369
c[48][81] 122497
c[48][82] 117219
c[48][83] 123802
c[48][84] 116547
c[48][85] 102292
c[48][86] 121097
c[48][87] 106863
c[48][88] 110326
c[48][89] 120004
c[48][90] 121873
c[48][91] 123011
c[48][92] 127232
c[48][93] 117416
c[48][94] 104467
c[48][95] 124524
c[48][96] 126330
c[48][97] 107427
c[48][98] 123589
c[48][99] 122202
c[49][0] 118375
c[49][1] 122724
c[49][2] 119861
c[49][3] 106416
c[49][4] 105111
c[49][5] 112005
c[49][6] 107945
c[49][7] 127672
c[49][8] 115041
c[49][9] 112900
c[49][10] 118064
c[49][11] 118465
c[49][12] 106443
c[49][13] 130401
c[49][14] 129401
c[49][15] 122782
c[49][16] 113811
c[49][17] 116510
c[49][18] 109303
c[49][19] 110603
c[49][20] 108490
c[49][21] 121320
c[49][22] 127506
c[49][23] 115282
c[49][24] 117653
c[49][25] 115340
c[49][26] 121999
c[49][27] 128868
c[49][28] 129525
c[49][29] 120272
c[49][30] 123424
c[49][31] 109658
c[49][32] 109693
c[49][33] 127917
c[49][34] 115167
c[49][35] 122157
c[49][36] 104436
c[49][37] 117931
c[49][38] 123081
c[49][39] 117745
c[49][40] 128795
c[49][41] 122101
c[49][42] 106196
c[49][43] 114584
c[49][44] 105789
c[49][45] 116096
c[49][46] 112642
c[49][47] 139806
c[49][48] 117978
c[49][49] 105631
c[49][50] 127794
c[49][51] 112965
c[49][52] 114009
c[49][53] 114075
c[49][54] 127130
c[49][55] 106059
c[49][56] 132183
c[49][57] 121834
c[49][58] 113158
c[49][59] 119290
c[49][60] 121418
c[49][61] 107257
c[49][62] 133785
c[49][63] 110234
c[49][64] 109650
c[49][65] 105011
c[49][66] 107170
c[49][67] 119724
c[49][68] 109077
c[49][69] 118959
c[49][70] 110532
c[49][71] 108237
c[49][72] 121792
c[49][73] 110701
c[49][74] 137548
c[49][75] 135771
c[49][76] 126543
c[49][77] 107457
c[49][78] 113294
c[49][79] 115408
c[49][80] 131552
c[49][81] 113803
c[49][82] 123014
c[49][83] 125129
c[49][84] 111059
c[49][85] 108220
c[49][86] 119464
c[49][87] 104196
c[49][88] 112778
c[49][89] 113103
c[49][90] 128622
c[49][91] 119702
c[49][92] 123859
c[49][93] 120508
c[49][94] 111387
c[49][95] 115535
c[49][96] 118196
c[49][97] 110613
c[49][98] 116833
c[49][99] 126552
18
