100 100
c[30][0] 124656
c[30][1] 124640
c[30][2] 126391
c[30][3] 115852
c[30][4] 104179
c[30][5] 128901
c[30][6] 121809
c[30][7] 127465
c[30][8] 129134
c[30][9] 126755
c[30][10] 129367
c[30][11] 124905
c[30][12] 111316
c[30][13] 148261
c[30][14] 135041
c[30][15] 129557
c[30][16] 127020
c[30][17] 123760
c[30][18] 125942
c[30][19] 119990
c[30][20] 123836
c[30][21] 130925
c[30][22] 134476
c[30][23] 121868
c[30][24] 126077
c[30][25] 125703
c[30][26] 136510
c[30][27] 137167
c[30][28] 137108
c[30][29] 134200
c[30][30] 129887
c[30][31] 114459
c[30][32] 118373
c[30][33] 137081
c[30][34] 127669
c[30][35] 123797
c[30][36] 122564
c[30][37] 130237
c[30][38] 140953
c[30][39] 129044
c[30][40] 141366
c[30][41] 132094
c[30][42] 116922
c[30][43] 128197
c[30][44] 126568
c[30][45] 124243
c[30][46] 114556
c[30][47] 147262
c[30][48] 140425
c[30][49] 114614
c[30][50] 146180
c[30][51] 122621
c[30][52] 125618
c[30][53] 125480
c[30][54] 144256
c[30][55] 122257
c[30][56] 139920
c[30][57] 140283
c[30][58] 127230
c[30][59] 139114
c[30][60] 129753
c[30][61] 132504
c[30][62] 144697
c[30][63] 125793
c[30][64] 120464
c[30][65] 108654
c[30][66] 106039
c[30][67] 121161
c[30][68] 123897
c[30][69] 133504
c[30][70] 115130
c[30][71] 130825
c[30][72] 127509
c[30][73] 123177
c[30][74] 140041
c[30][75] 139145
c[30][76] 142569
c[30][77] 122978
c[30][78] 133378
c[30][79] 133059
c[30][80] 148085
c[30][81] 132808
c[30][82] 138968
c[30][83] 134319
c[30][84] 135558
c[30][85] 120913
c[30][86] 129644
c[30][87] 111488
c[30][88] 130718
c[30][89] 137054
c[30][90] 127146
c[30][91] 128215
c[30][92] 140013
c[30][93] 123391
c[30][94] 122264
c[30][95] 124875
c[30][96] 141726
c[30][97] 119325
c[30][98] 131095
c[30][99] 140169
c[31][0] 116996
c[31][1] 121570
c[31][2] 111046
c[31][3] 101520
c[31][4] 106110
c[31][5] 115223
c[31][6] 106882
c[31][7] 113560
c[31][8] 117909
c[31][9] 114688
c[31][10] 112555
c[31][11] 106355
c[31][12] 98294
c[31][13] 123391
c[31][14] 114268
c[31][15] 116255
c[31][16] 107354
c[31][17] 113437
c[31][18] 106997
c[31][19] 114164
c[31][20] 105859
c[31][21] 115782
c[31][22] 128004
c[31][23] 113997
c[31][24] 106389
15
