100 100
c[21][25] 114576
c[21][26] 120170
c[21][27] 121456
c[21][28] 117404
c[21][29] 114276
c[21][30] 118389
c[21][31] 107944
c[21][32] 104233
c[21][33] 114731
c[21][34] 106076
c[21][35] 117442
c[21][36] 99773
c[21][37] 115582
c[21][38] 125005
c[21][39] 107211
c[21][40] 124626
c[21][41] 117284
c[21][42] 96882
c[21][43] 111456
c[21][44] 102981
c[21][45] 113273
c[21][46] 105235
c[21][47] 135503
c[21][48] 121210
c[21][49] 109348
c[21][50] 119036
c[21][51] 108314
c[21][52] 111357
c[21][53] 108443
c[21][54] 114325
c[21][55] 105228
c[21][56] 124614
c[21][57] 121021
c[21][58] 106347
c[21][59] 117982
c[21][60] 116397
c[21][61] 102977
c[21][62] 135400
c[21][63] 109223
c[21][64] 109101
c[21][65] 104490
c[21][66] 101857
c[21][67] 114835
c[21][68] 107421
c[21][69] 120137
c[21][70] 105325
c[21][71] 111747
c[21][72] 99875
c[21][73] 108095
c[21][74] 126976
c[21][75] 121603
c[21][76] 119371
c[21][77] 103628
c[21][78] 110226
c[21][79] 107460
c[21][80] 119271
c[21][81] 115104
c[21][82] 118208
c[21][83] 113825
c[21][84] 111900
c[21][85] 107738
c[21][86] 113083
c[21][87] 103266
c[21][88] 113626
c[21][89] 114650
c[21][90] 115578
c[21][91] 116823
c[21][92] 123291
c[21][93] 109825
c[21][94] 100823
c[21][95] 108898
c[21][96] 115451
c[21][97] 106030
c[21][98] 107682
c[21][99] 119488
c[22][0] 114357
c[22][1] 120907
c[22][2] 123485
c[22][3] 103907
c[22][4] 99869
c[22][5] 110809
c[22][6] 114410
c[22][7] 126076
c[22][8] 125650
c[22][9] 111346
c[22][10] 122451
c[22][11] 112356
c[22][12] 100960
c[22][13] 123924
c[22][14] 131639
c[22][15] 124160
c[22][16] 115514
c[22][17] 109492
c[22][18] 112877
c[22][19] 118095
c[22][20] 114500
c[22][21] 114795
c[22][22] 130180
c[22][23] 116977
c[22][24] 118377
c[22][25] 115707
c[22][26] 130927
c[22][27] 134681
c[22][28] 124697
c[22][29] 119535
c[22][30] 118593
c[22][31] 110928
c[22][32] 106569
c[22][33] 120063
c[22][34] 123287
c[22][35] 126871
c[22][36] 107732
c[22][37] 122696
c[22][38] 129006
c[22][39] 123571
c[22][40] 119765
c[22][41] 117375
c[22][42] 106599
c[22][43] 117334
c[22][44] 111742
c[22][45] 114886
c[22][46] 112108
c[22][47] 146326
c[22][48] 123207
c[22][49] 108222
66
