100 100
c[20][0] 121340
c[20][1] 118709
c[20][2] 117263
c[20][3] 105069
c[20][4] 109835
c[20][5] 112356
c[20][6] 111419
c[20][7] 119009
c[20][8] 119755
c[20][9] 114689
c[20][10] 125453
c[20][11] 113271
c[20][12] 106046
c[20][13] 134483
c[20][14] 128156
c[20][15] 125787
c[20][16] 116789
c[20][17] 110392
c[20][18] 121122
c[20][19] 108168
c[20][20] 103142
c[20][21] 121927
c[20][22] 131062
c[20][23] 116956
c[20][24] 115832
c[20][25] 124924
c[20][26] 117257
c[20][27] 133573
c[20][28] 123793
c[20][29] 123305
c[20][30] 117962
c[20][31] 108211
c[20][32] 101889
c[20][33] 125171
c[20][34] 120824
c[20][35] 116878
c[20][36] 120648
c[20][37] 121734
c[20][38] 134141
c[20][39] 127779
c[20][40] 130395
c[20][41] 125604
c[20][42] 104878
c[20][43] 119210
c[20][44] 110445
c[20][45] 116475
c[20][46] 106994
c[20][47] 135735
c[20][48] 130813
c[20][49] 113302
c[20][50] 129158
c[20][51] 120693
c[20][52] 116745
c[20][53] 115431
c[20][54] 129278
c[20][55] 108565
c[20][56] 126249
c[20][57] 117780
c[20][58] 114339
c[20][59] 125158
c[20][60] 114075
c[20][61] 115844
c[20][62] 135098
c[20][63] 109316
c[20][64] 115850
c[20][65] 113705
c[20][66] 104280
c[20][67] 117966
c[20][68] 112139
c[20][69] 117204
c[20][70] 107352
c[20][71] 119093
c[20][72] 117252
c[20][73] 117590
c[20][74] 127373
c[20][75] 139090
c[20][76] 129562
c[20][77] 124154
c[20][78] 126976
c[20][79] 118347
c[20][80] 136047
c[20][81] 114255
c[20][82] 121756
c[20][83] 119761
c[20][84] 120531
c[20][85] 117195
c[20][86] 121288
c[20][87] 111468
c[20][88] 114320
c[20][89] 120237
c[20][90] 119878
c[20][91] 114380
c[20][92] 128013
c[20][93] 118936
c[20][94] 114133
c[20][95] 123533
c[20][96] 124968
c[20][97] 108269
c[20][98] 127511
c[20][99] 122149
c[21][0] 117474
c[21][1] 119316
c[21][2] 110735
c[21][3] 103421
c[21][4] 96582
c[21][5] 107351
c[21][6] 102999
c[21][7] 115322
c[21][8] 112070
c[21][9] 108777
c[21][10] 115362
c[21][11] 111422
c[21][12] 100277
c[21][13] 118819
c[21][14] 121868
c[21][15] 113653
c[21][16] 114308
c[21][17] 107524
c[21][18] 108411
c[21][19] 104665
c[21][20] 110014
c[21][21] 116440
c[21][22] 122845
c[21][23] 117206
c[21][24] 110024
21
