100 100
c[75][0] 112037
c[75][1] 111746
c[75][2] 109180
c[75][3] 100632
c[75][4] 99840
c[75][5] 119792
c[75][6] 102846
c[75][7] 114440
c[75][8] 115894
c[75][9] 102302
c[75][10] 115605
c[75][11] 107969
c[75][12] 106405
c[75][13] 118279
c[75][14] 109420
c[75][15] 114073
c[75][16] 115155
c[75][17] 101045
c[75][18] 103056
c[75][19] 105552
c[75][20] 110751
c[75][21] 116990
c[75][22] 122097
c[75][23] 107158
c[75][24] 111817
c[75][25] 108133
c[75][26] 118451
c[75][27] 119964
c[75][28] 114114
c[75][29] 119264
c[75][30] 115658
c[75][31] 100285
c[75][32] 102677
c[75][33] 119255
c[75][34] 120395
c[75][35] 115624
c[75][36] 101952
c[75][37] 112963
c[75][38] 128522
c[75][39] 117891
c[75][40] 121488
c[75][41] 111493
c[75][42] 106306
c[75][43] 113553
c[75][44] 100572
c[75][45] 109719
c[75][46] 106548
c[75][47] 135584
c[75][48] 121881
c[75][49] 103667
c[75][50] 119190
c[75][51] 111793
c[75][52] 122930
c[75][53] 112524
c[75][54] 126397
c[75][55] 108402
c[75][56] 119038
c[75][57] 118269
c[75][58] 110676
c[75][59] 127262
c[75][60] 108867
c[75][61] 110076
c[75][62] 119834
c[75][63] 117760
c[75][64] 109281
c[75][65] 104654
c[75][66] 94425
c[75][67] 114970
c[75][68] 112440
c[75][69] 120401
c[75][70] 94529
c[75][71] 110019
c[75][72] 109209
c[75][73] 104808
c[75][74] 123643
c[75][75] 128897
c[75][76] 124554
c[75][77] 104638
c[75][78] 118165
c[75][79] 108815
c[75][80] 123455
c[75][81] 112685
c[75][82] 112860
c[75][83] 112527
c[75][84] 111096
c[75][85] 103516
c[75][86] 110174
c[75][87] 113498
c[75][88] 108980
c[75][89] 117073
c[75][90] 115903
c[75][91] 112356
c[75][92] 127074
c[75][93] 107840
c[75][94] 112221
c[75][95] 116699
c[75][96] 118674
c[75][97] 104704
c[75][98] 114601
c[75][99] 116212
c[76][0] 119031
c[76][1] 116485
c[76][2] 122620
c[76][3] 116564
c[76][4] 104148
c[76][5] 118236
c[76][6] 114405
c[76][7] 126310
c[76][8] 125370
c[76][9] 120724
c[76][10] 126706
c[76][11] 122499
c[76][12] 112377
c[76][13] 130615
c[76][14] 127496
c[76][15] 121494
c[76][16] 124695
c[76][17] 117869
c[76][18] 112034
c[76][19] 109755
c[76][20] 114897
c[76][21] 121565
c[76][22] 131470
c[76][23] 110846
c[76][24] 125990
13
