100 100
c[80][0] 125715
c[80][1] 120832
c[80][2] 125861
c[80][3] 120242
c[80][4] 106244
c[80][5] 122461
c[80][6] 125285
c[80][7] 129728
c[80][8] 126279
c[80][9] 125846
c[80][10] 130760
c[80][11] 121901
c[80][12] 111604
c[80][13] 140248
c[80][14] 133893
c[80][15] 130902
c[80][16] 122581
c[80][17] 122116
c[80][18] 117599
c[80][19] 115843
c[80][20] 121202
c[80][21] 135883
c[80][22] 133461
c[80][23] 120535
c[80][24] 122363
c[80][25] 118513
c[80][26] 131165
c[80][27] 131726
c[80][28] 134827
c[80][29] 127714
c[80][30] 132149
c[80][31] 117807
c[80][32] 121018
c[80][33] 133392
c[80][34] 120132
c[80][35] 123655
c[80][36] 117956
c[80][37] 120712
c[80][38] 136561
c[80][39] 125547
c[80][40] 135456
c[80][41] 128883
c[80][42] 117319
c[80][43] 126403
c[80][44] 126502
c[80][45] 124222
c[80][46] 117424
c[80][47] 152897
c[80][48] 126854
c[80][49] 118534
c[80][50] 142444
c[80][51] 123064
c[80][52] 134301
c[80][53] 126200
c[80][54] 134073
c[80][55] 113095
c[80][56] 133756
c[80][57] 135788
c[80][58] 118028
c[80][59] 130891
c[80][60] 125876
c[80][61] 119733
c[80][62] 141633
c[80][63] 120396
c[80][64] 126321
c[80][65] 119901
c[80][66] 109916
c[80][67] 124137
c[80][68] 122093
c[80][69] 131602
c[80][70] 112849
c[80][71] 120885
c[80][72] 132164
c[80][73] 111548
c[80][74] 142382
c[80][75] 144005
c[80][76] 138936
c[80][77] 123387
c[80][78] 126364
c[80][79] 128527
c[80][80] 142528
c[80][81] 121126
c[80][82] 132917
c[80][83] 126384
c[80][84] 131986
c[80][85] 120660
c[80][86] 131267
c[80][87] 116824
c[80][88] 125376
c[80][89] 130245
c[80][90] 126659
c[80][91] 131508
c[80][92] 136986
c[80][93] 123729
c[80][94] 115539
c[80][95] 123034
c[80][96] 129931
c[80][97] 121288
c[80][98] 123836
c[80][99] 125932
c[81][0] 105317
c[81][1] 107794
c[81][2] 101463
c[81][3] 100272
c[81][4] 93990
c[81][5] 101290
c[81][6] 106457
c[81][7] 117083
c[81][8] 114099
c[81][9] 93803
c[81][10] 110680
c[81][11] 106964
c[81][12] 91368
c[81][13] 118902
c[81][14] 110319
c[81][15] 103796
c[81][16] 108539
c[81][17] 99259
c[81][18] 99627
c[81][19] 102034
c[81][20] 106611
c[81][21] 109641
c[81][22] 122404
c[81][23] 113358
c[81][24] 113179
15
