100 100
c[92][50] 124433
c[92][51] 113491
c[92][52] 116605
c[92][53] 117277
c[92][54] 125934
c[92][55] 105638
c[92][56] 124940
c[92][57] 122578
c[92][58] 119533
c[92][59] 120783
c[92][60] 122218
c[92][61] 112189
c[92][62] 137713
c[92][63] 116546
c[92][64] 112731
c[92][65] 109708
c[92][66] 105914
c[92][67] 118604
c[92][68] 114422
c[92][69] 118726
c[92][70] 111565
c[92][71] 112526
c[92][72] 119779
c[92][73] 106822
c[92][74] 127940
c[92][75] 129675
c[92][76] 124701
c[92][77] 107789
c[92][78] 124710
c[92][79] 113568
c[92][80] 136458
c[92][81] 124435
c[92][82] 123029
c[92][83] 117817
c[92][84] 122615
c[92][85] 111862
c[92][86] 118306
c[92][87] 102487
c[92][88] 117563
c[92][89] 120151
c[92][90] 121566
c[92][91] 115979
c[92][92] 132016
c[92][93] 124363
c[92][94] 110563
c[92][95] 119526
c[92][96] 123622
c[92][97] 112960
c[92][98] 128677
c[92][99] 127587
c[93][0] 111442
c[93][1] 123944
c[93][2] 118814
c[93][3] 118604
c[93][4] 107569
c[93][5] 120684
c[93][6] 109298
c[93][7] 121102
c[93][8] 122365
c[93][9] 117788
c[93][10] 119021
c[93][11] 116147
c[93][12] 99725
c[93][13] 136343
c[93][14] 128352
c[93][15] 116917
c[93][16] 116660
c[93][17] 117575
c[93][18] 112373
c[93][19] 114814
c[93][20] 113891
c[93][21] 127348
c[93][22] 133111
c[93][23] 119017
c[93][24] 118336
c[93][25] 115928
c[93][26] 132123
c[93][27] 129001
c[93][28] 126558
c[93][29] 129056
c[93][30] 112968
c[93][31] 110270
c[93][32] 109686
c[93][33] 124678
c[93][34] 121987
c[93][35] 126276
c[93][36] 115027
c[93][37] 125062
c[93][38] 129921
c[93][39] 129543
c[93][40] 132297
c[93][41] 115995
c[93][42] 105063
c[93][43] 121880
c[93][44] 103672
c[93][45] 118571
c[93][46] 111640
c[93][47] 140150
c[93][48] 140153
c[93][49] 102661
c[93][50] 128575
c[93][51] 116650
c[93][52] 119632
c[93][53] 117152
c[93][54] 138672
c[93][55] 109107
c[93][56] 130847
c[93][57] 128707
c[93][58] 116273
c[93][59] 133101
c[93][60] 128191
c[93][61] 117962
c[93][62] 144046
c[93][63] 122228
c[93][64] 118124
c[93][65] 109554
c[93][66] 102013
c[93][67] 120174
c[93][68] 122980
c[93][69] 127488
c[93][70] 115786
c[93][71] 118414
c[93][72] 112077
c[93][73] 104642
c[93][74] 135136
13
