100 100
c[17][50] 134344
c[17][51] 118247
c[17][52] 114755
c[17][53] 105554
c[17][54] 135885
c[17][55] 114344
c[17][56] 125728
c[17][57] 115521
c[17][58] 108212
c[17][59] 119575
c[17][60] 115702
c[17][61] 113487
c[17][62] 127270
c[17][63] 115106
c[17][64] 108624
c[17][65] 101466
c[17][66] 97370
c[17][67] 123432
c[17][68] 116104
c[17][69] 124324
c[17][70] 104955
c[17][71] 113003
c[17][72] 107472
c[17][73] 114837
c[17][74] 128277
c[17][75] 132390
c[17][76] 127506
c[17][77] 109617
c[17][78] 122589
c[17][79] 118500
c[17][80] 132715
c[17][81] 116195
c[17][82] 121592
c[17][83] 123151
c[17][84] 121358
c[17][85] 112570
c[17][86] 119098
c[17][87] 105663
c[17][88] 110572
c[17][89] 119746
c[17][90] 119627
c[17][91] 116420
c[17][92] 128978
c[17][93] 120839
c[17][94] 110811
c[17][95] 112052
c[17][96] 118841
c[17][97] 111448
c[17][98] 118659
c[17][99] 123638
c[18][0] 111460
c[18][1] 104141
c[18][2] 107612
c[18][3] 108265
c[18][4] 89529
c[18][5] 114595
c[18][6] 97575
c[18][7] 118423
c[18][8] 109585
c[18][9] 110796
c[18][10] 105365
c[18][11] 108187
c[18][12] 99070
c[18][13] 118371
c[18][14] 118491
c[18][15] 106240
c[18][16] 109302
c[18][17] 112586
c[18][18] 102887
c[18][19] 99929
c[18][20] 110133
c[18][21] 112082
c[18][22] 114761
c[18][23] 106341
c[18][24] 114235
c[18][25] 110894
c[18][26] 126156
c[18][27] 111894
c[18][28] 114255
c[18][29] 116215
c[18][30] 108629
c[18][31] 96759
c[18][32] 106895
c[18][33] 112266
c[18][34] 114868
c[18][35] 104509
c[18][36] 102550
c[18][37] 111822
c[18][38] 119899
c[18][39] 106180
c[18][40] 119565
c[18][41] 105668
c[18][42] 98353
c[18][43] 105934
c[18][44] 107811
c[18][45] 111288
c[18][46] 100261
c[18][47] 132693
c[18][48] 120695
c[18][49] 105019
c[18][50] 124124
c[18][51] 111903
c[18][52] 107466
c[18][53] 103711
c[18][54] 120470
c[18][55] 101084
c[18][56] 123735
c[18][57] 113739
c[18][58] 104071
c[18][59] 119464
c[18][60] 112517
c[18][61] 106691
c[18][62] 121464
c[18][63] 104477
c[18][64] 102458
c[18][65] 101136
c[18][66] 96878
c[18][67] 103998
c[18][68] 114287
c[18][69] 118286
c[18][70] 103003
c[18][71] 113468
c[18][72] 110011
c[18][73] 104755
c[18][74] 123581
21
