100 100
c[86][25] 116759
c[86][26] 126589
c[86][27] 126670
c[86][28] 124704
c[86][29] 117063
c[86][30] 120806
c[86][31] 109072
c[86][32] 110664
c[86][33] 125795
c[86][34] 114052
c[86][35] 109102
c[86][36] 109296
c[86][37] 123275
c[86][38] 133316
c[86][39] 115725
c[86][40] 132284
c[86][41] 129455
c[86][42] 102828
c[86][43] 112275
c[86][44] 107888
c[86][45] 117829
c[86][46] 107041
c[86][47] 139270
c[86][48] 129436
c[86][49] 116008
c[86][50] 123715
c[86][51] 110591
c[86][52] 116092
c[86][53] 118272
c[86][54] 124862
c[86][55] 104403
c[86][56] 121436
c[86][57] 124491
c[86][58] 115676
c[86][59] 124620
c[86][60] 108000
c[86][61] 105986
c[86][62] 138808
c[86][63] 115694
c[86][64] 116275
c[86][65] 110694
c[86][66] 107032
c[86][67] 114689
c[86][68] 118412
c[86][69] 124994
c[86][70] 110694
c[86][71] 105637
c[86][72] 116022
c[86][73] 113428
c[86][74] 131121
c[86][75] 136754
c[86][76] 122973
c[86][77] 113356
c[86][78] 119364
c[86][79] 112772
c[86][80] 125674
c[86][81] 116782
c[86][82] 125722
c[86][83] 119329
c[86][84] 114037
c[86][85] 116298
c[86][86] 118218
c[86][87] 104749
c[86][88] 118701
c[86][89] 119730
c[86][90] 122044
c[86][91] 120990
c[86][92] 128934
c[86][93] 110530
c[86][94] 105327
c[86][95] 119145
c[86][96] 128190
c[86][97] 115624
c[86][98] 119458
c[86][99] 129052
c[87][0] 127091
c[87][1] 116761
c[87][2] 123850
c[87][3] 113057
c[87][4] 108440
c[87][5] 119777
c[87][6] 119386
c[87][7] 120580
c[87][8] 123290
c[87][9] 114227
c[87][10] 126905
c[87][11] 121551
c[87][12] 112588
c[87][13] 132981
c[87][14] 124116
c[87][15] 120604
c[87][16] 125712
c[87][17] 111816
c[87][18] 120305
c[87][19] 112701
c[87][20] 114438
c[87][21] 129274
c[87][22] 127371
c[87][23] 112384
c[87][24] 128222
c[87][25] 119697
c[87][26] 130873
c[87][27] 127566
c[87][28] 125275
c[87][29] 131255
c[87][30] 126507
c[87][31] 112200
c[87][32] 118991
c[87][33] 131053
c[87][34] 134026
c[87][35] 120831
c[87][36] 122205
c[87][37] 123877
c[87][38] 137042
c[87][39] 127815
c[87][40] 132112
c[87][41] 126328
c[87][42] 122726
c[87][43] 118781
c[87][44] 114870
c[87][45] 120877
c[87][46] 109426
c[87][47] 137027
c[87][48] 135513
c[87][49] 117863
17
