100 100
c[85][0] 121882
c[85][1] 121431
c[85][2] 113981
c[85][3] 109287
c[85][4] 105206
c[85][5] 120584
c[85][6] 110179
c[85][7] 119856
c[85][8] 125137
c[85][9] 116243
c[85][10] 124640
c[85][11] 122541
c[85][12] 107734
c[85][13] 135773
c[85][14] 126839
c[85][15] 124673
c[85][16] 122418
c[85][17] 113461
c[85][18] 116708
c[85][19] 110568
c[85][20] 114239
c[85][21] 121443
c[85][22] 130377
c[85][23] 117575
c[85][24] 117649
c[85][25] 118704
c[85][26] 137456
c[85][27] 130755
c[85][28] 127205
c[85][29] 129177
c[85][30] 118146
c[85][31] 106138
c[85][32] 110569
c[85][33] 124259
c[85][34] 117366
c[85][35] 116008
c[85][36] 113034
c[85][37] 122949
c[85][38] 138779
c[85][39] 127682
c[85][40] 126217
c[85][41] 121493
c[85][42] 101793
c[85][43] 118522
c[85][44] 105150
c[85][45] 125915
c[85][46] 111685
c[85][47] 143823
c[85][48] 129618
c[85][49] 113422
c[85][50] 126061
c[85][51] 116019
c[85][52] 115613
c[85][53] 120202
c[85][54] 123986
c[85][55] 107400
c[85][56] 123378
c[85][57] 117868
c[85][58] 117980
c[85][59] 127259
c[85][60] 106277
c[85][61] 107127
c[85][62] 139527
c[85][63] 130756
c[85][64] 126531
c[85][65] 109800
c[85][66] 113219
c[85][67] 109853
c[85][68] 113910
c[85][69] 123166
c[85][70] 106902
c[85][71] 115052
c[85][72] 110140
c[85][73] 124262
c[85][74] 129341
c[85][75] 135450
c[85][76] 127014
c[85][77] 108433
c[85][78] 121002
c[85][79] 126434
c[85][80] 122397
c[85][81] 115037
c[85][82] 122659
c[85][83] 133096
c[85][84] 123310
c[85][85] 114209
c[85][86] 115608
c[85][87] 104732
c[85][88] 118740
c[85][89] 118358
c[85][90] 126884
c[85][91] 121410
c[85][92] 133825
c[85][93] 123582
c[85][94] 112942
c[85][95] 126677
c[85][96] 122276
c[85][97] 114245
c[85][98] 125127
c[85][99] 126225
c[86][0] 117657
c[86][1] 128722
c[86][2] 105257
c[86][3] 105325
c[86][4] 99049
c[86][5] 118893
c[86][6] 106307
c[86][7] 118806
c[86][8] 115229
c[86][9] 114285
c[86][10] 120662
c[86][11] 112440
c[86][12] 106571
c[86][13] 121670
c[86][14] 119793
c[86][15] 121316
c[86][16] 116198
c[86][17] 109487
c[86][18] 110396
c[86][19] 107268
c[86][20] 105851
c[86][21] 123246
c[86][22] 123133
c[86][23] 115839
c[86][24] 106811
18
