100 100
c[63][75] 131165
c[63][76] 130083
c[63][77] 116964
c[63][78] 119635
c[63][79] 120328
c[63][80] 127721
c[63][81] 116612
c[63][82] 126639
c[63][83] 123993
c[63][84] 120948
c[63][85] 111962
c[63][86] 119434
c[63][87] 106634
c[63][88] 117715
c[63][89] 121904
c[63][90] 118039
c[63][91] 117999
c[63][92] 133965
c[63][93] 121520
c[63][94] 118910
c[63][95] 120159
c[63][96] 124330
c[63][97] 108393
c[63][98] 119885
c[63][99] 119919
c[64][0] 120902
c[64][1] 132924
c[64][2] 115605
c[64][3] 115565
c[64][4] 104196
c[64][5] 124107
c[64][6] 110967
c[64][7] 128530
c[64][8] 122151
c[64][9] 123164
c[64][10] 128993
c[64][11] 120260
c[64][12] 107152
c[64][13] 141146
c[64][14] 130627
c[64][15] 129043
c[64][16] 124141
c[64][17] 119457
c[64][18] 112772
c[64][19] 116900
c[64][20] 118586
c[64][21] 116265
c[64][22] 137213
c[64][23] 123477
c[64][24] 113368
c[64][25] 125013
c[64][26] 128536
c[64][27] 135387
c[64][28] 139598
c[64][29] 133263
c[64][30] 118919
c[64][31] 110289
c[64][32] 101802
c[64][33] 134566
c[64][34] 114756
c[64][35] 120648
c[64][36] 115706
c[64][37] 126826
c[64][38] 142421
c[64][39] 124510
c[64][40] 130805
c[64][41] 128379
c[64][42] 104828
c[64][43] 126472
c[64][44] 114555
c[64][45] 121299
c[64][46] 111829
c[64][47] 144630
c[64][48] 129718
c[64][49] 110970
c[64][50] 123694
c[64][51] 122820
c[64][52] 128791
c[64][53] 127859
c[64][54] 124311
c[64][55] 109932
c[64][56] 129486
c[64][57] 126418
c[64][58] 115996
c[64][59] 132606
c[64][60] 123579
c[64][61] 118929
c[64][62] 138457
c[64][63] 118416
c[64][64] 125627
c[64][65] 109741
c[64][66] 110589
c[64][67] 116301
c[64][68] 120848
c[64][69] 127940
c[64][70] 116609
c[64][71] 121894
c[64][72] 125716
c[64][73] 116963
c[64][74] 134094
c[64][75] 142273
c[64][76] 134275
c[64][77] 117603
c[64][78] 122940
c[64][79] 125724
c[64][80] 130424
c[64][81] 123290
c[64][82] 130564
c[64][83] 132276
c[64][84] 121424
c[64][85] 119864
c[64][86] 121392
c[64][87] 111709
c[64][88] 127426
c[64][89] 121324
c[64][90] 128781
c[64][91] 123407
c[64][92] 134402
c[64][93] 117827
c[64][94] 113841
c[64][95] 121930
c[64][96] 133799
c[64][97] 108470
c[64][98] 127022
c[64][99] 129836
17
