100 100
c[72][50] 132051
c[72][51] 117714
c[72][52] 123124
c[72][53] 125543
c[72][54] 138224
c[72][55] 105543
c[72][56] 134860
c[72][57] 126065
c[72][58] 121589
c[72][59] 135802
c[72][60] 134125
c[72][61] 115396
c[72][62] 146133
c[72][63] 115558
c[72][64] 127660
c[72][65] 115842
c[72][66] 103576
c[72][67] 121673
c[72][68] 124776
c[72][69] 125506
c[72][70] 117803
c[72][71] 126466
c[72][72] 122755
c[72][73] 123013
c[72][74] 131454
c[72][75] 139244
c[72][76] 136605
c[72][77] 115767
c[72][78] 121935
c[72][79] 128217
c[72][80] 140272
c[72][81] 127081
c[72][82] 131892
c[72][83] 134431
c[72][84] 129826
c[72][85] 117274
c[72][86] 127182
c[72][87] 108217
c[72][88] 122425
c[72][89] 124889
c[72][90] 123679
c[72][91] 126937
c[72][92] 132412
c[72][93] 122927
c[72][94] 126247
c[72][95] 134389
c[72][96] 127367
c[72][97] 116554
c[72][98] 130331
c[72][99] 135967
c[73][0] 116461
c[73][1] 116928
c[73][2] 125742
c[73][3] 112114
c[73][4] 101174
c[73][5] 121207
c[73][6] 108925
c[73][7] 116722
c[73][8] 124858
c[73][9] 112876
c[73][10] 119019
c[73][11] 120532
c[73][12] 112438
c[73][13] 130329
c[73][14] 120436
c[73][15] 127793
c[73][16] 130594
c[73][17] 112653
c[73][18] 115787
c[73][19] 108318
c[73][20] 119620
c[73][21] 120944
c[73][22] 125680
c[73][23] 115779
c[73][24] 128108
c[73][25] 114489
c[73][26] 131485
c[73][27] 125035
c[73][28] 126575
c[73][29] 126255
c[73][30] 117461
c[73][31] 115832
c[73][32] 115704
c[73][33] 132422
c[73][34] 132919
c[73][35] 128143
c[73][36] 112218
c[73][37] 112771
c[73][38] 127813
c[73][39] 128705
c[73][40] 127017
c[73][41] 120379
c[73][42] 113630
c[73][43] 125881
c[73][44] 119202
c[73][45] 122088
c[73][46] 108801
c[73][47] 145484
c[73][48] 128618
c[73][49] 110526
c[73][50] 128053
c[73][51] 122473
c[73][52] 128075
c[73][53] 124669
c[73][54] 132541
c[73][55] 111837
c[73][56] 128980
c[73][57] 124272
c[73][58] 119439
c[73][59] 125144
c[73][60] 119108
c[73][61] 115436
c[73][62] 128940
c[73][63] 128114
c[73][64] 125392
c[73][65] 114680
c[73][66] 109063
c[73][67] 119194
c[73][68] 116176
c[73][69] 132540
c[73][70] 102768
c[73][71] 117627
c[73][72] 115973
c[73][73] 115858
c[73][74] 133250
34
