100 100
c[56][25] 129849
c[56][26] 137048
c[56][27] 147471
c[56][28] 137626
c[56][29] 137326
c[56][30] 135499
c[56][31] 122271
c[56][32] 126161
c[56][33] 144648
c[56][34] 121735
c[56][35] 137348
c[56][36] 122285
c[56][37] 135199
c[56][38] 150867
c[56][39] 136424
c[56][40] 145478
c[56][41] 142054
c[56][42] 121543
c[56][43] 133158
c[56][44] 130827
c[56][45] 131155
c[56][46] 119275
c[56][47] 161342
c[56][48] 147484
c[56][49] 123238
c[56][50] 143016
c[56][51] 133116
c[56][52] 134627
c[56][53] 132726
c[56][54] 144646
c[56][55] 123332
c[56][56] 143416
c[56][57] 145547
c[56][58] 132006
c[56][59] 137664
c[56][60] 124310
c[56][61] 130443
c[56][62] 154456
c[56][63] 135433
c[56][64] 135057
c[56][65] 119844
c[56][66] 122044
c[56][67] 131808
c[56][68] 125758
c[56][69] 136247
c[56][70] 122983
c[56][71] 124242
c[56][72] 131870
c[56][73] 129846
c[56][74] 143511
c[56][75] 152170
c[56][76] 149026
c[56][77] 132136
c[56][78] 134372
c[56][79] 138108
c[56][80] 143191
c[56][81] 128585
c[56][82] 139695
c[56][83] 135652
c[56][84] 134527
c[56][85] 126639
c[56][86] 136570
c[56][87] 125329
c[56][88] 140229
c[56][89] 133804
c[56][90] 137593
c[56][91] 132558
c[56][92] 145585
c[56][93] 131124
c[56][94] 123637
c[56][95] 136022
c[56][96] 135006
c[56][97] 121454
c[56][98] 133584
c[56][99] 137574
c[57][0] 125293
c[57][1] 120399
c[57][2] 123129
c[57][3] 119090
c[57][4] 109467
c[57][5] 121124
c[57][6] 119016
c[57][7] 126027
c[57][8] 118071
c[57][9] 122135
c[57][10] 123598
c[57][11] 117094
c[57][12] 105259
c[57][13] 140205
c[57][14] 128995
c[57][15] 124903
c[57][16] 117689
c[57][17] 115266
c[57][18] 116248
c[57][19] 116987
c[57][20] 108107
c[57][21] 132715
c[57][22] 134609
c[57][23] 122221
c[57][24] 122799
c[57][25] 120039
c[57][26] 124773
c[57][27] 128361
c[57][28] 137785
c[57][29] 125205
c[57][30] 114281
c[57][31] 110115
c[57][32] 106011
c[57][33] 127814
c[57][34] 128755
c[57][35] 119393
c[57][36] 120044
c[57][37] 128222
c[57][38] 133477
c[57][39] 136493
c[57][40] 128098
c[57][41] 121513
c[57][42] 109492
c[57][43] 121110
c[57][44] 117281
c[57][45] 118982
c[57][46] 116296
c[57][47] 142982
c[57][48] 131612
c[57][49] 108127
12
