100 100
c[97][50] 139211
c[97][51] 132591
c[97][52] 132889
c[97][53] 124354
c[97][54] 147673
c[97][55] 118567
c[97][56] 144982
c[97][57] 140431
c[97][58] 134449
c[97][59] 135043
c[97][60] 131043
c[97][61] 128626
c[97][62] 153483
c[97][63] 124262
c[97][64] 124483
c[97][65] 110897
c[97][66] 118195
c[97][67] 128484
c[97][68] 127049
c[97][69] 133380
c[97][70] 111938
c[97][71] 123558
c[97][72] 122816
c[97][73] 131155
c[97][74] 147108
c[97][75] 138001
c[97][76] 140782
c[97][77] 121392
c[97][78] 122271
c[97][79] 143395
c[97][80] 143108
c[97][81] 124008
c[97][82] 137963
c[97][83] 134338
c[97][84] 132107
c[97][85] 117578
c[97][86] 139388
c[97][87] 118909
c[97][88] 130733
c[97][89] 130791
c[97][90] 135353
c[97][91] 135416
c[97][92] 140703
c[97][93] 123920
c[97][94] 128517
c[97][95] 132203
c[97][96] 135379
c[97][97] 121391
c[97][98] 133901
c[97][99] 141700
c[98][0] 114429
c[98][1] 120509
c[98][2] 108914
c[98][3] 96816
c[98][4] 103871
c[98][5] 111631
c[98][6] 110510
c[98][7] 112063
c[98][8] 122494
c[98][9] 112525
c[98][10] 126079
c[98][11] 111700
c[98][12] 105161
c[98][13] 129515
c[98][14] 123479
c[98][15] 118708
c[98][16] 116038
c[98][17] 108036
c[98][18] 104693
c[98][19] 105337
c[98][20] 104901
c[98][21] 125502
c[98][22] 122408
c[98][23] 115315
c[98][24] 117571
c[98][25] 115117
c[98][26] 126177
c[98][27] 122636
c[98][28] 127384
c[98][29] 122221
c[98][30] 118162
c[98][31] 99716
c[98][32] 111031
c[98][33] 128895
c[98][34] 117824
c[98][35] 122319
c[98][36] 110131
c[98][37] 117777
c[98][38] 136246
c[98][39] 125351
c[98][40] 126954
c[98][41] 120699
c[98][42] 112066
c[98][43] 110358
c[98][44] 111679
c[98][45] 107975
c[98][46] 107335
c[98][47] 141188
c[98][48] 116855
c[98][49] 108576
c[98][50] 127010
c[98][51] 113276
c[98][52] 117547
c[98][53] 107192
c[98][54] 127913
c[98][55] 108840
c[98][56] 135148
c[98][57] 120291
c[98][58] 114861
c[98][59] 125046
c[98][60] 115382
c[98][61] 116765
c[98][62] 131252
c[98][63] 112550
c[98][64] 116942
c[98][65] 102573
c[98][66] 98808
c[98][67] 117630
c[98][68] 114078
c[98][69] 123562
c[98][70] 107069
c[98][71] 109345
c[98][72] 116787
c[98][73] 109331
c[98][74] 129445
12
