100 100
c[70][0] 120650
c[70][1] 118408
c[70][2] 119407
c[70][3] 107684
c[70][4] 104642
c[70][5] 119013
c[70][6] 108227
c[70][7] 123161
c[70][8] 128267
c[70][9] 121207
c[70][10] 123348
c[70][11] 121637
c[70][12] 110514
c[70][13] 133044
c[70][14] 133323
c[70][15] 128233
c[70][16] 123117
c[70][17] 115325
c[70][18] 111219
c[70][19] 110562
c[70][20] 108833
c[70][21] 128495
c[70][22] 125763
c[70][23] 121188
c[70][24] 120037
c[70][25] 122763
c[70][26] 126877
c[70][27] 128002
c[70][28] 114693
c[70][29] 126300
c[70][30] 117957
c[70][31] 110740
c[70][32] 118175
c[70][33] 122994
c[70][34] 123018
c[70][35] 129581
c[70][36] 110400
c[70][37] 124540
c[70][38] 143300
c[70][39] 129789
c[70][40] 128076
c[70][41] 131048
c[70][42] 112704
c[70][43] 117393
c[70][44] 109380
c[70][45] 122658
c[70][46] 110881
c[70][47] 143903
c[70][48] 127278
c[70][49] 107371
c[70][50] 132394
c[70][51] 116796
c[70][52] 118850
c[70][53] 114590
c[70][54] 124711
c[70][55] 112514
c[70][56] 128077
c[70][57] 125019
c[70][58] 119075
c[70][59] 126396
c[70][60] 122427
c[70][61] 109727
c[70][62] 140314
c[70][63] 117958
c[70][64] 129611
c[70][65] 109533
c[70][66] 101220
c[70][67] 117431
c[70][68] 115091
c[70][69] 120145
c[70][70] 108868
c[70][71] 112604
c[70][72] 117747
c[70][73] 119623
c[70][74] 128494
c[70][75] 135054
c[70][76] 132265
c[70][77] 112622
c[70][78] 128087
c[70][79] 123322
c[70][80] 131449
c[70][81] 116128
c[70][82] 132128
c[70][83] 125921
c[70][84] 120022
c[70][85] 112796
c[70][86] 121318
c[70][87] 105263
c[70][88] 115178
c[70][89] 120683
c[70][90] 125122
c[70][91] 120139
c[70][92] 123033
c[70][93] 123235
c[70][94] 115518
c[70][95] 128686
c[70][96] 123546
c[70][97] 106876
c[70][98] 121807
c[70][99] 128977
c[71][0] 128284
c[71][1] 122643
c[71][2] 122067
c[71][3] 114416
c[71][4] 110549
c[71][5] 128586
c[71][6] 116390
c[71][7] 124079
c[71][8] 126694
c[71][9] 120407
c[71][10] 135454
c[71][11] 124732
c[71][12] 115647
c[71][13] 139173
c[71][14] 138326
c[71][15] 135313
c[71][16] 129342
c[71][17] 117955
c[71][18] 125509
c[71][19] 117482
c[71][20] 119085
c[71][21] 123533
c[71][22] 130946
c[71][23] 120976
c[71][24] 120896
30
