100 100
c[13][75] 131786
c[13][76] 131554
c[13][77] 112549
c[13][78] 112397
c[13][79] 120847
c[13][80] 130298
c[13][81] 127257
c[13][82] 125105
c[13][83] 119272
c[13][84] 125415
c[13][85] 117465
c[13][86] 126901
c[13][87] 104288
c[13][88] 120974
c[13][89] 123204
c[13][90] 118120
c[13][91] 119095
c[13][92] 130209
c[13][93] 115978
c[13][94] 111285
c[13][95] 122585
c[13][96] 122828
c[13][97] 109258
c[13][98] 119893
c[13][99] 126276
c[14][0] 132344
c[14][1] 138936
c[14][2] 128368
c[14][3] 124130
c[14][4] 114205
c[14][5] 130686
c[14][6] 126721
c[14][7] 128733
c[14][8] 138529
c[14][9] 133307
c[14][10] 137928
c[14][11] 128874
c[14][12] 116127
c[14][13] 142558
c[14][14] 140966
c[14][15] 135845
c[14][16] 137291
c[14][17] 123303
c[14][18] 127664
c[14][19] 127079
c[14][20] 129580
c[14][21] 132426
c[14][22] 140139
c[14][23] 132276
c[14][24] 131734
c[14][25] 128179
c[14][26] 138732
c[14][27] 145129
c[14][28] 155605
c[14][29] 135370
c[14][30] 135422
c[14][31] 121773
c[14][32] 124819
c[14][33] 135460
c[14][34] 130616
c[14][35] 137711
c[14][36] 124161
c[14][37] 124962
c[14][38] 143527
c[14][39] 133394
c[14][40] 146404
c[14][41] 128476
c[14][42] 123365
c[14][43] 134263
c[14][44] 133655
c[14][45] 130585
c[14][46] 116450
c[14][47] 161489
c[14][48] 140416
c[14][49] 125210
c[14][50] 148249
c[14][51] 128950
c[14][52] 141831
c[14][53] 124668
c[14][54] 148702
c[14][55] 124419
c[14][56] 142937
c[14][57] 142039
c[14][58] 126855
c[14][59] 135816
c[14][60] 130193
c[14][61] 129503
c[14][62] 148050
c[14][63] 138488
c[14][64] 132344
c[14][65] 117476
c[14][66] 115031
c[14][67] 130160
c[14][68] 134236
c[14][69] 139712
c[14][70] 118538
c[14][71] 128936
c[14][72] 125593
c[14][73] 126954
c[14][74] 151849
c[14][75] 147703
c[14][76] 140146
c[14][77] 129806
c[14][78] 135038
c[14][79] 137724
c[14][80] 150933
c[14][81] 131172
c[14][82] 140595
c[14][83] 133524
c[14][84] 144658
c[14][85] 129208
c[14][86] 139304
c[14][87] 127666
c[14][88] 134465
c[14][89] 138668
c[14][90] 128615
c[14][91] 140616
c[14][92] 146077
c[14][93] 132440
c[14][94] 128474
c[14][95] 138880
c[14][96] 135831
c[14][97] 121328
c[14][98] 138007
c[14][99] 140184
17
