100 100
c[27][50] 139229
c[27][51] 126505
c[27][52] 119642
c[27][53] 113707
c[27][54] 126820
c[27][55] 118223
c[27][56] 134790
c[27][57] 123279
c[27][58] 124703
c[27][59] 129040
c[27][60] 124410
c[27][61] 125701
c[27][62] 141554
c[27][63] 130428
c[27][64] 121831
c[27][65] 113833
c[27][66] 107580
c[27][67] 116196
c[27][68] 122038
c[27][69] 137393
c[27][70] 110885
c[27][71] 113850
c[27][72] 124550
c[27][73] 114678
c[27][74] 129643
c[27][75] 138885
c[27][76] 138392
c[27][77] 117431
c[27][78] 121809
c[27][79] 125601
c[27][80] 132402
c[27][81] 125585
c[27][82] 127937
c[27][83] 123096
c[27][84] 124590
c[27][85] 121839
c[27][86] 127284
c[27][87] 113114
c[27][88] 120639
c[27][89] 125572
c[27][90] 119626
c[27][91] 121992
c[27][92] 134951
c[27][93] 121755
c[27][94] 114737
c[27][95] 122330
c[27][96] 136083
c[27][97] 117020
c[27][98] 124368
c[27][99] 130076
c[28][0] 115273
c[28][1] 114292
c[28][2] 117635
c[28][3] 104648
c[28][4] 98255
c[28][5] 117223
c[28][6] 110790
c[28][7] 114842
c[28][8] 125653
c[28][9] 111528
c[28][10] 120904
c[28][11] 105782
c[28][12] 111668
c[28][13] 125799
c[28][14] 126082
c[28][15] 110112
c[28][16] 117230
c[28][17] 110371
c[28][18] 108188
c[28][19] 106287
c[28][20] 102706
c[28][21] 120678
c[28][22] 124600
c[28][23] 109890
c[28][24] 114846
c[28][25] 112073
c[28][26] 123633
c[28][27] 116410
c[28][28] 128330
c[28][29] 119869
c[28][30] 121466
c[28][31] 105458
c[28][32] 109116
c[28][33] 113861
c[28][34] 122508
c[28][35] 108182
c[28][36] 109810
c[28][37] 120850
c[28][38] 126913
c[28][39] 119274
c[28][40] 116746
c[28][41] 119968
c[28][42] 109543
c[28][43] 117140
c[28][44] 111518
c[28][45] 118701
c[28][46] 106068
c[28][47] 140421
c[28][48] 113787
c[28][49] 104834
c[28][50] 124665
c[28][51] 115892
c[28][52] 116262
c[28][53] 115644
c[28][54] 130581
c[28][55] 101295
c[28][56] 123490
c[28][57] 121901
c[28][58] 112886
c[28][59] 123575
c[28][60] 119464
c[28][61] 106809
c[28][62] 130667
c[28][63] 119980
c[28][64] 113100
c[28][65] 112677
c[28][66] 100410
c[28][67] 113988
c[28][68] 115092
c[28][69] 126621
c[28][70] 102569
c[28][71] 116675
c[28][72] 121681
c[28][73] 109695
c[28][74] 134758
12
