100 100
c[11][25] 116223
c[11][26] 127008
c[11][27] 119783
c[11][28] 121145
c[11][29] 125909
c[11][30] 116151
c[11][31] 108358
c[11][32] 109354
c[11][33] 121547
c[11][34] 120792
c[11][35] 122062
c[11][36] 100223
c[11][37] 108991
c[11][38] 120886
c[11][39] 121232
c[11][40] 122002
c[11][41] 116564
c[11][42] 100568
c[11][43] 116396
c[11][44] 109710
c[11][45] 119878
c[11][46] 102989
c[11][47] 138781
c[11][48] 124796
c[11][49] 110646
c[11][50] 125419
c[11][51] 117931
c[11][52] 121670
c[11][53] 118690
c[11][54] 126231
c[11][55] 107845
c[11][56] 125224
c[11][57] 123756
c[11][58] 120335
c[11][59] 125659
c[11][60] 117729
c[11][61] 117781
c[11][62] 133130
c[11][63] 121420
c[11][64] 116895
c[11][65] 113022
c[11][66] 103305
c[11][67] 112089
c[11][68] 119837
c[11][69] 115653
c[11][70] 105298
c[11][71] 112893
c[11][72] 116624
c[11][73] 113585
c[11][74] 128391
c[11][75] 135441
c[11][76] 129319
c[11][77] 107805
c[11][78] 124611
c[11][79] 124760
c[11][80] 130815
c[11][81] 123267
c[11][82] 120022
c[11][83] 120856
c[11][84] 119657
c[11][85] 111144
c[11][86] 115842
c[11][87] 101217
c[11][88] 121664
c[11][89] 118408
c[11][90] 118236
c[11][91] 116939
c[11][92] 125297
c[11][93] 119924
c[11][94] 108053
c[11][95] 120580
c[11][96] 129306
c[11][97] 110436
c[11][98] 122390
c[11][99] 130270
c[12][0] 131158
c[12][1] 129204
c[12][2] 134714
c[12][3] 116469
c[12][4] 105700
c[12][5] 125394
c[12][6] 126260
c[12][7] 134402
c[12][8] 132770
c[12][9] 127051
c[12][10] 131524
c[12][11] 125549
c[12][12] 109619
c[12][13] 140469
c[12][14] 137169
c[12][15] 126967
c[12][16] 125031
c[12][17] 126864
c[12][18] 121864
c[12][19] 122601
c[12][20] 120283
c[12][21] 127489
c[12][22] 141082
c[12][23] 129348
c[12][24] 122487
c[12][25] 133595
c[12][26] 138109
c[12][27] 130949
c[12][28] 131990
c[12][29] 130931
c[12][30] 130185
c[12][31] 116775
c[12][32] 117236
c[12][33] 132250
c[12][34] 130499
c[12][35] 124919
c[12][36] 124497
c[12][37] 133051
c[12][38] 147716
c[12][39] 121656
c[12][40] 133839
c[12][41] 132060
c[12][42] 119014
c[12][43] 134137
c[12][44] 120512
c[12][45] 139040
c[12][46] 122949
c[12][47] 150112
c[12][48] 132029
c[12][49] 120129
15
