100 100
c[55][0] 124965
c[55][1] 128258
c[55][2] 124804
c[55][3] 122008
c[55][4] 106574
c[55][5] 122774
c[55][6] 127789
c[55][7] 136205
c[55][8] 126009
c[55][9] 131584
c[55][10] 136230
c[55][11] 125449
c[55][12] 105777
c[55][13] 142971
c[55][14] 139758
c[55][15] 133152
c[55][16] 123120
c[55][17] 125330
c[55][18] 121195
c[55][19] 125849
c[55][20] 120352
c[55][21] 138076
c[55][22] 133572
c[55][23] 124078
c[55][24] 120897
c[55][25] 125467
c[55][26] 142218
c[55][27] 130085
c[55][28] 153986
c[55][29] 128976
c[55][30] 130832
c[55][31] 117429
c[55][32] 120560
c[55][33] 136295
c[55][34] 129609
c[55][35] 133256
c[55][36] 122801
c[55][37] 135669
c[55][38] 147935
c[55][39] 134345
c[55][40] 140556
c[55][41] 128544
c[55][42] 122568
c[55][43] 121414
c[55][44] 129656
c[55][45] 130748
c[55][46] 118662
c[55][47] 151255
c[55][48] 137582
c[55][49] 120092
c[55][50] 139545
c[55][51] 126801
c[55][52] 122045
c[55][53] 125073
c[55][54] 142364
c[55][55] 117390
c[55][56] 138185
c[55][57] 139765
c[55][58] 130057
c[55][59] 140327
c[55][60] 129959
c[55][61] 120601
c[55][62] 155247
c[55][63] 124148
c[55][64] 120196
c[55][65] 119948
c[55][66] 114149
c[55][67] 127016
c[55][68] 122492
c[55][69] 132620
c[55][70] 125231
c[55][71] 119207
c[55][72] 123544
c[55][73] 120443
c[55][74] 141613
c[55][75] 138175
c[55][76] 146645
c[55][77] 119930
c[55][78] 135059
c[55][79] 135458
c[55][80] 141693
c[55][81] 126975
c[55][82] 134069
c[55][83] 135088
c[55][84] 124931
c[55][85] 120594
c[55][86] 131830
c[55][87] 114923
c[55][88] 125466
c[55][89] 126448
c[55][90] 133084
c[55][91] 133808
c[55][92] 134245
c[55][93] 128758
c[55][94] 131170
c[55][95] 129040
c[55][96] 130619
c[55][97] 126008
c[55][98] 124240
c[55][99] 134898
c[56][0] 140039
c[56][1] 130796
c[56][2] 130570
c[56][3] 127146
c[56][4] 115263
c[56][5] 125106
c[56][6] 123067
c[56][7] 139489
c[56][8] 132014
c[56][9] 127128
c[56][10] 135491
c[56][11] 131750
c[56][12] 119629
c[56][13] 151240
c[56][14] 143876
c[56][15] 141284
c[56][16] 139591
c[56][17] 123031
c[56][18] 129136
c[56][19] 123147
c[56][20] 127618
c[56][21] 136274
c[56][22] 146792
c[56][23] 123117
c[56][24] 131504
17
