100 100
c[66][25] 132172
c[66][26] 134073
c[66][27] 137037
c[66][28] 139167
c[66][29] 131095
c[66][30] 134637
c[66][31] 117183
c[66][32] 122814
c[66][33] 133370
c[66][34] 129415
c[66][35] 128644
c[66][36] 120326
c[66][37] 129902
c[66][38] 140563
c[66][39] 129586
c[66][40] 129617
c[66][41] 130199
c[66][42] 115467
c[66][43] 128006
c[66][44] 125579
c[66][45] 126317
c[66][46] 123457
c[66][47] 150174
c[66][48] 132241
c[66][49] 126376
c[66][50] 134512
c[66][51] 117726
c[66][52] 130484
c[66][53] 127079
c[66][54] 140558
c[66][55] 114390
c[66][56] 133970
c[66][57] 131407
c[66][58] 123583
c[66][59] 141968
c[66][60] 124332
c[66][61] 117050
c[66][62] 150412
c[66][63] 121591
c[66][64] 134060
c[66][65] 113587
c[66][66] 116249
c[66][67] 122897
c[66][68] 118741
c[66][69] 128408
c[66][70] 116970
c[66][71] 122321
c[66][72] 122564
c[66][73] 114159
c[66][74] 125951
c[66][75] 139182
c[66][76] 138426
c[66][77] 128888
c[66][78] 131245
c[66][79] 127749
c[66][80] 139811
c[66][81] 126346
c[66][82] 126827
c[66][83] 133237
c[66][84] 122838
c[66][85] 123469
c[66][86] 131466
c[66][87] 123341
c[66][88] 123031
c[66][89] 118447
c[66][90] 131174
c[66][91] 130880
c[66][92] 142582
c[66][93] 123532
c[66][94] 124291
c[66][95] 134947
c[66][96] 130241
c[66][97] 111897
c[66][98] 129507
c[66][99] 129786
c[67][0] 113882
c[67][1] 119282
c[67][2] 114625
c[67][3] 106629
c[67][4] 103332
c[67][5] 119499
c[67][6] 108024
c[67][7] 112903
c[67][8] 121962
c[67][9] 114240
c[67][10] 130228
c[67][11] 107750
c[67][12] 100045
c[67][13] 118914
c[67][14] 122065
c[67][15] 113874
c[67][16] 116108
c[67][17] 108758
c[67][18] 103123
c[67][19] 101734
c[67][20] 113577
c[67][21] 128629
c[67][22] 124775
c[67][23] 111211
c[67][24] 120325
c[67][25] 119543
c[67][26] 132109
c[67][27] 121271
c[67][28] 116717
c[67][29] 120908
c[67][30] 113060
c[67][31] 107245
c[67][32] 108366
c[67][33] 136162
c[67][34] 115868
c[67][35] 126451
c[67][36] 110926
c[67][37] 112453
c[67][38] 135453
c[67][39] 117415
c[67][40] 127811
c[67][41] 116638
c[67][42] 112781
c[67][43] 110513
c[67][44] 110233
c[67][45] 108846
c[67][46] 99910
c[67][47] 141642
c[67][48] 120177
c[67][49] 111691
18
