100 100
c[60][0] 119659
c[60][1] 128009
c[60][2] 118723
c[60][3] 113183
c[60][4] 103979
c[60][5] 125761
c[60][6] 113389
c[60][7] 122014
c[60][8] 131256
c[60][9] 125562
c[60][10] 134124
c[60][11] 117917
c[60][12] 107960
c[60][13] 142203
c[60][14] 136210
c[60][15] 118995
c[60][16] 127879
c[60][17] 114266
c[60][18] 126794
c[60][19] 111601
c[60][20] 120023
c[60][21] 126571
c[60][22] 135518
c[60][23] 121675
c[60][24] 120569
c[60][25] 125973
c[60][26] 140899
c[60][27] 127112
c[60][28] 125387
c[60][29] 129526
c[60][30] 122466
c[60][31] 112615
c[60][32] 114466
c[60][33] 136626
c[60][34] 129895
c[60][35] 121388
c[60][36] 110100
c[60][37] 128910
c[60][38] 140487
c[60][39] 122329
c[60][40] 139408
c[60][41] 124393
c[60][42] 112739
c[60][43] 129946
c[60][44] 114093
c[60][45] 126149
c[60][46] 110835
c[60][47] 151324
c[60][48] 130532
c[60][49] 111890
c[60][50] 140970
c[60][51] 120737
c[60][52] 121679
c[60][53] 119218
c[60][54] 134914
c[60][55] 121178
c[60][56] 143290
c[60][57] 128076
c[60][58] 122121
c[60][59] 131768
c[60][60] 128074
c[60][61] 119276
c[60][62] 147203
c[60][63] 123400
c[60][64] 123898
c[60][65] 115813
c[60][66] 111711
c[60][67] 119533
c[60][68] 119124
c[60][69] 131417
c[60][70] 109406
c[60][71] 130244
c[60][72] 122200
c[60][73] 115856
c[60][74] 137406
c[60][75] 138887
c[60][76] 141363
c[60][77] 120023
c[60][78] 133710
c[60][79] 121573
c[60][80] 137317
c[60][81] 138106
c[60][82] 131459
c[60][83] 125727
c[60][84] 129666
c[60][85] 122328
c[60][86] 130820
c[60][87] 103638
c[60][88] 125466
c[60][89] 131117
c[60][90] 120032
c[60][91] 128120
c[60][92] 133187
c[60][93] 122673
c[60][94] 121159
c[60][95] 121640
c[60][96] 139645
c[60][97] 120799
c[60][98] 127962
c[60][99] 134185
c[61][0] 124818
c[61][1] 122335
c[61][2] 124833
c[61][3] 119232
c[61][4] 113462
c[61][5] 123692
c[61][6] 117916
c[61][7] 126796
c[61][8] 133925
c[61][9] 125379
c[61][10] 127964
c[61][11] 122681
c[61][12] 121957
c[61][13] 146271
c[61][14] 140264
c[61][15] 129929
c[61][16] 128792
c[61][17] 121620
c[61][18] 118276
c[61][19] 116540
c[61][20] 111526
c[61][21] 135210
c[61][22] 140596
c[61][23] 128947
c[61][24] 125800
12
