100 100
c[83][75] 129639
c[83][76] 120653
c[83][77] 106970
c[83][78] 115893
c[83][79] 117022
c[83][80] 128043
c[83][81] 117299
c[83][82] 116874
c[83][83] 117955
c[83][84] 108819
c[83][85] 108100
c[83][86] 124313
c[83][87] 103590
c[83][88] 114971
c[83][89] 105641
c[83][90] 120059
c[83][91] 105914
c[83][92] 127468
c[83][93] 113455
c[83][94] 112055
c[83][95] 115645
c[83][96] 124085
c[83][97] 104629
c[83][98] 114456
c[83][99] 127087
c[84][0] 126288
c[84][1] 137792
c[84][2] 124291
c[84][3] 126322
c[84][4] 110667
c[84][5] 122907
c[84][6] 122587
c[84][7] 121331
c[84][8] 125876
c[84][9] 124734
c[84][10] 130052
c[84][11] 125975
c[84][12] 118891
c[84][13] 134431
c[84][14] 131628
c[84][15] 131028
c[84][16] 126951
c[84][17] 118500
c[84][18] 117294
c[84][19] 129267
c[84][20] 126040
c[84][21] 140645
c[84][22] 146417
c[84][23] 126012
c[84][24] 131368
c[84][25] 130857
c[84][26] 137956
c[84][27] 133607
c[84][28] 134116
c[84][29] 134210
c[84][30] 126313
c[84][31] 118751
c[84][32] 110785
c[84][33] 145023
c[84][34] 127745
c[84][35] 130018
c[84][36] 123417
c[84][37] 135795
c[84][38] 140340
c[84][39] 126952
c[84][40] 144542
c[84][41] 134917
c[84][42] 117046
c[84][43] 128634
c[84][44] 114242
c[84][45] 126581
c[84][46] 116217
c[84][47] 153907
c[84][48] 126179
c[84][49] 121983
c[84][50] 136910
c[84][51] 126333
c[84][52] 122463
c[84][53] 127944
c[84][54] 140587
c[84][55] 118641
c[84][56] 142507
c[84][57] 127384
c[84][58] 117607
c[84][59] 137151
c[84][60] 122306
c[84][61] 117454
c[84][62] 150133
c[84][63] 122434
c[84][64] 125517
c[84][65] 120649
c[84][66] 116101
c[84][67] 122220
c[84][68] 129873
c[84][69] 136347
c[84][70] 116494
c[84][71] 121394
c[84][72] 130124
c[84][73] 115432
c[84][74] 143001
c[84][75] 145884
c[84][76] 141835
c[84][77] 129221
c[84][78] 133142
c[84][79] 122827
c[84][80] 139835
c[84][81] 134250
c[84][82] 128671
c[84][83] 141375
c[84][84] 129041
c[84][85] 121909
c[84][86] 121475
c[84][87] 120764
c[84][88] 125536
c[84][89] 124160
c[84][90] 132197
c[84][91] 126134
c[84][92] 143443
c[84][93] 134855
c[84][94] 119012
c[84][95] 130207
c[84][96] 136385
c[84][97] 115415
c[84][98] 132652
c[84][99] 138786
16
