100 100
c[65][0] 121558
c[65][1] 123333
c[65][2] 117127
c[65][3] 117033
c[65][4] 113678
c[65][5] 124704
c[65][6] 119726
c[65][7] 120692
c[65][8] 126272
c[65][9] 115400
c[65][10] 132751
c[65][11] 122827
c[65][12] 109895
c[65][13] 136142
c[65][14] 126828
c[65][15] 122046
c[65][16] 114412
c[65][17] 119347
c[65][18] 116831
c[65][19] 112463
c[65][20] 118647
c[65][21] 123212
c[65][22] 132553
c[65][23] 119821
c[65][24] 120314
c[65][25] 113726
c[65][26] 129972
c[65][27] 128969
c[65][28] 127394
c[65][29] 136077
c[65][30] 123971
c[65][31] 114659
c[65][32] 116833
c[65][33] 126789
c[65][34] 121349
c[65][35] 120287
c[65][36] 115660
c[65][37] 117415
c[65][38] 135753
c[65][39] 129358
c[65][40] 130961
c[65][41] 127420
c[65][42] 106788
c[65][43] 122515
c[65][44] 112011
c[65][45] 124291
c[65][46] 116163
c[65][47] 149360
c[65][48] 124142
c[65][49] 112057
c[65][50] 131904
c[65][51] 121134
c[65][52] 123709
c[65][53] 121075
c[65][54] 127825
c[65][55] 115594
c[65][56] 128179
c[65][57] 127793
c[65][58] 116132
c[65][59] 132944
c[65][60] 128343
c[65][61] 113251
c[65][62] 142255
c[65][63] 122264
c[65][64] 120054
c[65][65] 116906
c[65][66] 111780
c[65][67] 123767
c[65][68] 125470
c[65][69] 128613
c[65][70] 118843
c[65][71] 120283
c[65][72] 116854
c[65][73] 114686
c[65][74] 128970
c[65][75] 132180
c[65][76] 135138
c[65][77] 109594
c[65][78] 123581
c[65][79] 124413
c[65][80] 136029
c[65][81] 118103
c[65][82] 128039
c[65][83] 132238
c[65][84] 120974
c[65][85] 119191
c[65][86] 123682
c[65][87] 115396
c[65][88] 123098
c[65][89] 119906
c[65][90] 134795
c[65][91] 126310
c[65][92] 141755
c[65][93] 122540
c[65][94] 110301
c[65][95] 126412
c[65][96] 132293
c[65][97] 110586
c[65][98] 126209
c[65][99] 130935
c[66][0] 121805
c[66][1] 122590
c[66][2] 125933
c[66][3] 124016
c[66][4] 114435
c[66][5] 120761
c[66][6] 122486
c[66][7] 126788
c[66][8] 127303
c[66][9] 125909
c[66][10] 126478
c[66][11] 127752
c[66][12] 113316
c[66][13] 143330
c[66][14] 139953
c[66][15] 136269
c[66][16] 120834
c[66][17] 125289
c[66][18] 115259
c[66][19] 121062
c[66][20] 123734
c[66][21] 133845
c[66][22] 140105
c[66][23] 123223
c[66][24] 125989
20
