100 100
c[50][0] 138089
c[50][1] 126553
c[50][2] 125582
c[50][3] 117101
c[50][4] 115717
c[50][5] 118019
c[50][6] 118942
c[50][7] 132139
c[50][8] 132219
c[50][9] 123465
c[50][10] 127033
c[50][11] 119386
c[50][12] 124513
c[50][13] 144414
c[50][14] 139139
c[50][15] 124452
c[50][16] 131797
c[50][17] 117439
c[50][18] 122105
c[50][19] 129191
c[50][20] 112615
c[50][21] 138342
c[50][22] 141256
c[50][23] 128757
c[50][24] 126458
c[50][25] 130197
c[50][26] 140125
c[50][27] 136144
c[50][28] 137229
c[50][29] 136048
c[50][30] 124489
c[50][31] 108422
c[50][32] 117541
c[50][33] 133635
c[50][34] 127553
c[50][35] 127424
c[50][36] 124846
c[50][37] 132394
c[50][38] 145119
c[50][39] 135463
c[50][40] 146977
c[50][41] 128142
c[50][42] 113758
c[50][43] 134723
c[50][44] 115637
c[50][45] 130114
c[50][46] 115542
c[50][47] 150404
c[50][48] 140145
c[50][49] 120599
c[50][50] 137810
c[50][51] 133159
c[50][52] 124342
c[50][53] 124608
c[50][54] 135669
c[50][55] 116384
c[50][56] 140951
c[50][57] 132414
c[50][58] 125913
c[50][59] 136915
c[50][60] 126170
c[50][61] 115746
c[50][62] 144021
c[50][63] 128951
c[50][64] 125852
c[50][65] 115779
c[50][66] 118393
c[50][67] 122437
c[50][68] 125818
c[50][69] 141678
c[50][70] 119384
c[50][71] 124388
c[50][72] 131198
c[50][73] 122548
c[50][74] 138102
c[50][75] 145096
c[50][76] 138224
c[50][77] 125391
c[50][78] 125759
c[50][79] 119270
c[50][80] 138131
c[50][81] 127227
c[50][82] 131260
c[50][83] 130783
c[50][84] 132966
c[50][85] 129169
c[50][86] 127848
c[50][87] 115741
c[50][88] 132612
c[50][89] 125683
c[50][90] 121608
c[50][91] 128193
c[50][92] 138117
c[50][93] 129021
c[50][94] 117129
c[50][95] 127975
c[50][96] 122365
c[50][97] 116085
c[50][98] 127546
c[50][99] 136564
c[51][0] 122865
c[51][1] 119003
c[51][2] 119171
c[51][3] 113245
c[51][4] 110202
c[51][5] 115773
c[51][6] 113997
c[51][7] 125717
c[51][8] 123214
c[51][9] 111647
c[51][10] 120638
c[51][11] 118945
c[51][12] 106818
c[51][13] 135121
c[51][14] 129981
c[51][15] 124199
c[51][16] 118637
c[51][17] 117215
c[51][18] 113687
c[51][19] 113394
c[51][20] 112021
c[51][21] 124933
c[51][22] 129544
c[51][23] 112287
c[51][24] 115584
14
