100 100
c[25][0] 108668
c[25][1] 104001
c[25][2] 110758
c[25][3] 98591
c[25][4] 90303
c[25][5] 102930
c[25][6] 107701
c[25][7] 113880
c[25][8] 118528
c[25][9] 105113
c[25][10] 124368
c[25][11] 108168
c[25][12] 101970
c[25][13] 118082
c[25][14] 112675
c[25][15] 104993
c[25][16] 109503
c[25][17] 100680
c[25][18] 105093
c[25][19] 100646
c[25][20] 96786
c[25][21] 108552
c[25][22] 115064
c[25][23] 107931
c[25][24] 106963
c[25][25] 111396
c[25][26] 120151
c[25][27] 110776
c[25][28] 115083
c[25][29] 107419
c[25][30] 109313
c[25][31] 101194
c[25][32] 100473
c[25][33] 122362
c[25][34] 111420
c[25][35] 104137
c[25][36] 107326
c[25][37] 117809
c[25][38] 120400
c[25][39] 108792
c[25][40] 118982
c[25][41] 117187
c[25][42] 102640
c[25][43] 110715
c[25][44] 110232
c[25][45] 111584
c[25][46] 96664
c[25][47] 132251
c[25][48] 112050
c[25][49] 98375
c[25][50] 115552
c[25][51] 114135
c[25][52] 113278
c[25][53] 106851
c[25][54] 118568
c[25][55] 101719
c[25][56] 125608
c[25][57] 112389
c[25][58] 112529
c[25][59] 109947
c[25][60] 109635
c[25][61] 101514
c[25][62] 121943
c[25][63] 107406
c[25][64] 107633
c[25][65] 102071
c[25][66] 101952
c[25][67] 107666
c[25][68] 114972
c[25][69] 116574
c[25][70] 96738
c[25][71] 106517
c[25][72] 112437
c[25][73] 108366
c[25][74] 115418
c[25][75] 122214
c[25][76] 119695
c[25][77] 104687
c[25][78] 112379
c[25][79] 112090
c[25][80] 122777
c[25][81] 114486
c[25][82] 109151
c[25][83] 114671
c[25][84] 110282
c[25][85] 105537
c[25][86] 116002
c[25][87] 97254
c[25][88] 104602
c[25][89] 110176
c[25][90] 114632
c[25][91] 102575
c[25][92] 118777
c[25][93] 106988
c[25][94] 102457
c[25][95] 106018
c[25][96] 119641
c[25][97] 98443
c[25][98] 112166
c[25][99] 117960
c[26][0] 129625
c[26][1] 137269
c[26][2] 135775
c[26][3] 126313
c[26][4] 110648
c[26][5] 127942
c[26][6] 129926
c[26][7] 126878
c[26][8] 134907
c[26][9] 134541
c[26][10] 134650
c[26][11] 131634
c[26][12] 117945
c[26][13] 140405
c[26][14] 146514
c[26][15] 133829
c[26][16] 130736
c[26][17] 123065
c[26][18] 120710
c[26][19] 120843
c[26][20] 123036
c[26][21] 140002
c[26][22] 141384
c[26][23] 131339
c[26][24] 132539
24
