100 100
c[33][75] 123800
c[33][76] 120200
c[33][77] 111308
c[33][78] 118841
c[33][79] 112157
c[33][80] 124971
c[33][81] 115030
c[33][82] 116537
c[33][83] 115050
c[33][84] 120446
c[33][85] 104827
c[33][86] 120135
c[33][87] 107231
c[33][88] 116126
c[33][89] 112087
c[33][90] 112277
c[33][91] 106355
c[33][92] 122881
c[33][93] 110140
c[33][94] 107309
c[33][95] 115381
c[33][96] 126382
c[33][97] 99819
c[33][98] 114619
c[33][99] 121866
c[34][0] 115846
c[34][1] 125811
c[34][2] 123964
c[34][3] 116252
c[34][4] 105689
c[34][5] 129684
c[34][6] 121272
c[34][7] 133351
c[34][8] 126897
c[34][9] 123793
c[34][10] 129424
c[34][11] 120268
c[34][12] 114856
c[34][13] 138470
c[34][14] 133058
c[34][15] 130842
c[34][16] 125075
c[34][17] 123960
c[34][18] 124879
c[34][19] 114708
c[34][20] 125045
c[34][21] 125462
c[34][22] 129041
c[34][23] 117368
c[34][24] 121190
c[34][25] 118366
c[34][26] 140379
c[34][27] 135835
c[34][28] 133336
c[34][29] 125406
c[34][30] 135625
c[34][31] 111310
c[34][32] 121337
c[34][33] 131006
c[34][34] 127715
c[34][35] 124252
c[34][36] 118138
c[34][37] 129495
c[34][38] 136564
c[34][39] 129177
c[34][40] 142321
c[34][41] 130931
c[34][42] 116173
c[34][43] 122550
c[34][44] 130969
c[34][45] 123440
c[34][46] 107399
c[34][47] 150293
c[34][48] 133886
c[34][49] 118293
c[34][50] 143127
c[34][51] 119597
c[34][52] 125986
c[34][53] 129406
c[34][54] 136434
c[34][55] 116421
c[34][56] 135903
c[34][57] 139070
c[34][58] 124732
c[34][59] 119924
c[34][60] 129902
c[34][61] 126651
c[34][62] 150451
c[34][63] 120422
c[34][64] 124355
c[34][65] 115657
c[34][66] 111172
c[34][67] 126758
c[34][68] 126074
c[34][69] 128529
c[34][70] 110816
c[34][71] 118331
c[34][72] 125014
c[34][73] 117329
c[34][74] 139770
c[34][75] 138535
c[34][76] 135143
c[34][77] 127353
c[34][78] 131104
c[34][79] 126597
c[34][80] 144478
c[34][81] 122587
c[34][82] 136153
c[34][83] 123037
c[34][84] 123704
c[34][85] 120933
c[34][86] 133072
c[34][87] 119863
c[34][88] 124829
c[34][89] 125069
c[34][90] 133146
c[34][91] 132980
c[34][92] 139487
c[34][93] 116442
c[34][94] 117294
c[34][95] 128021
c[34][96] 136310
c[34][97] 120780
c[34][98] 133825
c[34][99] 133239
15
