100 100
c[15][0] 124148
c[15][1] 117509
c[15][2] 120655
c[15][3] 118838
c[15][4] 105700
c[15][5] 116627
c[15][6] 123895
c[15][7] 134749
c[15][8] 129814
c[15][9] 119973
c[15][10] 129625
c[15][11] 130098
c[15][12] 116173
c[15][13] 139315
c[15][14] 133745
c[15][15] 129809
c[15][16] 131064
c[15][17] 117206
c[15][18] 118319
c[15][19] 111531
c[15][20] 119248
c[15][21] 127075
c[15][22] 135269
c[15][23] 126578
c[15][24] 122992
c[15][25] 125798
c[15][26] 133279
c[15][27] 139989
c[15][28] 127373
c[15][29] 129763
c[15][30] 122739
c[15][31] 116269
c[15][32] 112451
c[15][33] 128556
c[15][34] 126543
c[15][35] 132993
c[15][36] 121537
c[15][37] 127963
c[15][38] 139531
c[15][39] 126283
c[15][40] 135916
c[15][41] 128051
c[15][42] 111421
c[15][43] 121523
c[15][44] 117081
c[15][45] 125881
c[15][46] 115631
c[15][47] 148611
c[15][48] 134530
c[15][49] 119050
c[15][50] 130317
c[15][51] 127691
c[15][52] 138028
c[15][53] 116732
c[15][54] 134741
c[15][55] 113275
c[15][56] 142328
c[15][57] 137532
c[15][58] 124430
c[15][59] 128946
c[15][60] 128876
c[15][61] 118264
c[15][62] 144497
c[15][63] 120644
c[15][64] 134840
c[15][65] 121218
c[15][66] 109389
c[15][67] 128016
c[15][68] 126914
c[15][69] 136623
c[15][70] 109557
c[15][71] 122432
c[15][72] 119585
c[15][73] 120928
c[15][74] 143286
c[15][75] 143393
c[15][76] 134434
c[15][77] 120681
c[15][78] 126820
c[15][79] 129964
c[15][80] 137596
c[15][81] 119345
c[15][82] 130730
c[15][83] 121817
c[15][84] 121131
c[15][85] 121043
c[15][86] 129020
c[15][87] 116242
c[15][88] 123418
c[15][89] 119898
c[15][90] 136810
c[15][91] 123125
c[15][92] 135907
c[15][93] 131206
c[15][94] 122099
c[15][95] 130932
c[15][96] 121728
c[15][97] 111520
c[15][98] 134662
c[15][99] 130357
c[16][0] 118727
c[16][1] 126942
c[16][2] 128378
c[16][3] 116733
c[16][4] 107794
c[16][5] 119952
c[16][6] 127252
c[16][7] 128676
c[16][8] 133352
c[16][9] 119773
c[16][10] 125920
c[16][11] 123565
c[16][12] 113171
c[16][13] 143751
c[16][14] 134521
c[16][15] 132112
c[16][16] 122455
c[16][17] 120664
c[16][18] 122212
c[16][19] 120658
c[16][20] 117654
c[16][21] 127106
c[16][22] 139724
c[16][23] 121332
c[16][24] 121775
13
