100 100
c[43][75] 123701
c[43][76] 120891
c[43][77] 103389
c[43][78] 111753
c[43][79] 113053
c[43][80] 120498
c[43][81] 115146
c[43][82] 112798
c[43][83] 125947
c[43][84] 120315
c[43][85] 104960
c[43][86] 110315
c[43][87] 102534
c[43][88] 110806
c[43][89] 106291
c[43][90] 107575
c[43][91] 117743
c[43][92] 126684
c[43][93] 113426
c[43][94] 110024
c[43][95] 119003
c[43][96] 114676
c[43][97] 106220
c[43][98] 119620
c[43][99] 123646
c[44][0] 115273
c[44][1] 113771
c[44][2] 108188
c[44][3] 111366
c[44][4] 101255
c[44][5] 102115
c[44][6] 111773
c[44][7] 120000
c[44][8] 124935
c[44][9] 106055
c[44][10] 113873
c[44][11] 110911
c[44][12] 113032
c[44][13] 122799
c[44][14] 117138
c[44][15] 120417
c[44][16] 116888
c[44][17] 108114
c[44][18] 109435
c[44][19] 113480
c[44][20] 109576
c[44][21] 130559
c[44][22] 124019
c[44][23] 106649
c[44][24] 118176
c[44][25] 108850
c[44][26] 130486
c[44][27] 123968
c[44][28] 130907
c[44][29] 116985
c[44][30] 119529
c[44][31] 101247
c[44][32] 114782
c[44][33] 124173
c[44][34] 123927
c[44][35] 115454
c[44][36] 108690
c[44][37] 119355
c[44][38] 129148
c[44][39] 116548
c[44][40] 123639
c[44][41] 122071
c[44][42] 109449
c[44][43] 114836
c[44][44] 112827
c[44][45] 117667
c[44][46] 103852
c[44][47] 133545
c[44][48] 122429
c[44][49] 108443
c[44][50] 121657
c[44][51] 115650
c[44][52] 115053
c[44][53] 117540
c[44][54] 130557
c[44][55] 97220
c[44][56] 124908
c[44][57] 121318
c[44][58] 112730
c[44][59] 126789
c[44][60] 111580
c[44][61] 97948
c[44][62] 129515
c[44][63] 115577
c[44][64] 117020
c[44][65] 107430
c[44][66] 110115
c[44][67] 118817
c[44][68] 110152
c[44][69] 129012
c[44][70] 107163
c[44][71] 109692
c[44][72] 116987
c[44][73] 108692
c[44][74] 123176
c[44][75] 133849
c[44][76] 123646
c[44][77] 110414
c[44][78] 119486
c[44][79] 116505
c[44][80] 122886
c[44][81] 111609
c[44][82] 121416
c[44][83] 118915
c[44][84] 118966
c[44][85] 110931
c[44][86] 116886
c[44][87] 107487
c[44][88] 114809
c[44][89] 111693
c[44][90] 119844
c[44][91] 121880
c[44][92] 123863
c[44][93] 115813
c[44][94] 117665
c[44][95] 123279
c[44][96] 117019
c[44][97] 106136
c[44][98] 115674
c[44][99] 117115
22
