100 100
c[93][75] 135033
c[93][76] 133379
c[93][77] 110598
c[93][78] 125958
c[93][79] 122699
c[93][80] 133667
c[93][81] 127434
c[93][82] 120560
c[93][83] 121050
c[93][84] 117446
c[93][85] 108859
c[93][86] 121122
c[93][87] 102660
c[93][88] 120021
c[93][89] 121910
c[93][90] 132986
c[93][91] 122442
c[93][92] 130821
c[93][93] 125794
c[93][94] 118498
c[93][95] 122920
c[93][96] 123188
c[93][97] 118693
c[93][98] 129722
c[93][99] 122756
c[94][0] 124838
c[94][1] 127816
c[94][2] 127842
c[94][3] 121741
c[94][4] 104399
c[94][5] 128378
c[94][6] 123613
c[94][7] 123427
c[94][8] 139067
c[94][9] 129065
c[94][10] 135366
c[94][11] 120449
c[94][12] 120359
c[94][13] 145468
c[94][14] 139142
c[94][15] 133287
c[94][16] 133714
c[94][17] 119019
c[94][18] 129605
c[94][19] 118141
c[94][20] 119471
c[94][21] 134050
c[94][22] 130381
c[94][23] 135267
c[94][24] 130861
c[94][25] 120724
c[94][26] 138687
c[94][27] 137418
c[94][28] 135019
c[94][29] 141250
c[94][30] 122185
c[94][31] 119020
c[94][32] 119020
c[94][33] 135563
c[94][34] 125146
c[94][35] 125740
c[94][36] 119881
c[94][37] 126338
c[94][38] 147601
c[94][39] 130791
c[94][40] 137077
c[94][41] 138587
c[94][42] 118550
c[94][43] 127441
c[94][44] 116025
c[94][45] 125761
c[94][46] 121918
c[94][47] 156736
c[94][48] 132100
c[94][49] 120081
c[94][50] 147197
c[94][51] 133752
c[94][52] 128077
c[94][53] 129592
c[94][54] 139268
c[94][55] 120134
c[94][56] 141435
c[94][57] 125435
c[94][58] 131565
c[94][59] 127451
c[94][60] 128557
c[94][61] 117580
c[94][62] 145421
c[94][63] 131263
c[94][64] 126113
c[94][65] 116241
c[94][66] 114710
c[94][67] 127428
c[94][68] 136497
c[94][69] 132760
c[94][70] 120517
c[94][71] 125314
c[94][72] 132920
c[94][73] 130642
c[94][74] 146392
c[94][75] 145891
c[94][76] 140150
c[94][77] 120332
c[94][78] 127073
c[94][79] 139957
c[94][80] 143349
c[94][81] 134651
c[94][82] 136304
c[94][83] 139340
c[94][84] 134088
c[94][85] 123072
c[94][86] 135117
c[94][87] 113017
c[94][88] 133397
c[94][89] 130893
c[94][90] 133243
c[94][91] 130864
c[94][92] 144484
c[94][93] 127228
c[94][94] 118620
c[94][95] 124892
c[94][96] 138171
c[94][97] 123081
c[94][98] 130255
c[94][99] 137584
13
