100 100
c[58][75] 155876
c[58][76] 141851
c[58][77] 130202
c[58][78] 129104
c[58][79] 138977
c[58][80] 144610
c[58][81] 133619
c[58][82] 146778
c[58][83] 146576
c[58][84] 136264
c[58][85] 126386
c[58][86] 143070
c[58][87] 121391
c[58][88] 137974
c[58][89] 136111
c[58][90] 133057
c[58][91] 135366
c[58][92] 148549
c[58][93] 141740
c[58][94] 129668
c[58][95] 140064
c[58][96] 140201
c[58][97] 123264
c[58][98] 135601
c[58][99] 143622
c[59][0] 122668
c[59][1] 131094
c[59][2] 129580
c[59][3] 117707
c[59][4] 107218
c[59][5] 121072
c[59][6] 117703
c[59][7] 136640
c[59][8] 134690
c[59][9] 116704
c[59][10] 121120
c[59][11] 124976
c[59][12] 118702
c[59][13] 143113
c[59][14] 138154
c[59][15] 133330
c[59][16] 126969
c[59][17] 117471
c[59][18] 117487
c[59][19] 121836
c[59][20] 117904
c[59][21] 135211
c[59][22] 133143
c[59][23] 117735
c[59][24] 127124
c[59][25] 127760
c[59][26] 136243
c[59][27] 127115
c[59][28] 136960
c[59][29] 135333
c[59][30] 127290
c[59][31] 110375
c[59][32] 116412
c[59][33] 133420
c[59][34] 127874
c[59][35] 126647
c[59][36] 120516
c[59][37] 128870
c[59][38] 140143
c[59][39] 125505
c[59][40] 134465
c[59][41] 123675
c[59][42] 119360
c[59][43] 120767
c[59][44] 122623
c[59][45] 119273
c[59][46] 120846
c[59][47] 160598
c[59][48] 138722
c[59][49] 120325
c[59][50] 144700
c[59][51] 125486
c[59][52] 129484
c[59][53] 124495
c[59][54] 140097
c[59][55] 114402
c[59][56] 138492
c[59][57] 135720
c[59][58] 128257
c[59][59] 131225
c[59][60] 124175
c[59][61] 121021
c[59][62] 144763
c[59][63] 126272
c[59][64] 118656
c[59][65] 118773
c[59][66] 105037
c[59][67] 120973
c[59][68] 129420
c[59][69] 129869
c[59][70] 115535
c[59][71] 120105
c[59][72] 137327
c[59][73] 124199
c[59][74] 137080
c[59][75] 146481
c[59][76] 137838
c[59][77] 113897
c[59][78] 127538
c[59][79] 131284
c[59][80] 140568
c[59][81] 124054
c[59][82] 136524
c[59][83] 131919
c[59][84] 130414
c[59][85] 117691
c[59][86] 129663
c[59][87] 117745
c[59][88] 126084
c[59][89] 125569
c[59][90] 128170
c[59][91] 129690
c[59][92] 138182
c[59][93] 127410
c[59][94] 126364
c[59][95] 133288
c[59][96] 127944
c[59][97] 113003
c[59][98] 132378
c[59][99] 135921
15
