100 100
c[31][25] 111750
c[31][26] 120625
c[31][27] 123580
c[31][28] 126275
c[31][29] 116789
c[31][30] 117457
c[31][31] 95489
c[31][32] 107575
c[31][33] 120642
c[31][34] 106108
c[31][35] 113035
c[31][36] 112508
c[31][37] 115371
c[31][38] 126524
c[31][39] 122714
c[31][40] 128923
c[31][41] 119240
c[31][42] 107764
c[31][43] 116780
c[31][44] 108772
c[31][45] 115448
c[31][46] 101306
c[31][47] 131564
c[31][48] 115874
c[31][49] 106344
c[31][50] 126073
c[31][51] 105402
c[31][52] 120066
c[31][53] 115099
c[31][54] 123128
c[31][55] 97982
c[31][56] 114464
c[31][57] 117004
c[31][58] 105707
c[31][59] 115220
c[31][60] 112138
c[31][61] 112626
c[31][62] 127821
c[31][63] 109959
c[31][64] 112643
c[31][65] 104635
c[31][66] 99282
c[31][67] 114283
c[31][68] 103524
c[31][69] 116969
c[31][70] 98298
c[31][71] 109201
c[31][72] 102325
c[31][73] 102782
c[31][74] 125441
c[31][75] 125026
c[31][76] 122579
c[31][77] 115513
c[31][78] 103495
c[31][79] 117231
c[31][80] 126132
c[31][81] 113347
c[31][82] 120438
c[31][83] 124061
c[31][84] 117431
c[31][85] 115996
c[31][86] 117924
c[31][87] 109110
c[31][88] 109095
c[31][89] 113589
c[31][90] 108194
c[31][91] 114425
c[31][92] 122841
c[31][93] 108927
c[31][94] 104982
c[31][95] 111316
c[31][96] 112824
c[31][97] 103389
c[31][98] 114858
c[31][99] 121628
c[32][0] 122126
c[32][1] 122705
c[32][2] 117644
c[32][3] 106339
c[32][4] 100417
c[32][5] 119995
c[32][6] 113718
c[32][7] 120507
c[32][8] 115680
c[32][9] 114825
c[32][10] 124985
c[32][11] 119450
c[32][12] 113622
c[32][13] 129144
c[32][14] 127250
c[32][15] 126207
c[32][16] 121625
c[32][17] 112040
c[32][18] 113581
c[32][19] 121337
c[32][20] 117785
c[32][21] 124199
c[32][22] 133918
c[32][23] 114488
c[32][24] 123755
c[32][25] 123031
c[32][26] 128372
c[32][27] 125807
c[32][28] 127743
c[32][29] 125435
c[32][30] 123495
c[32][31] 108878
c[32][32] 107793
c[32][33] 126547
c[32][34] 118700
c[32][35] 128602
c[32][36] 112581
c[32][37] 123823
c[32][38] 132038
c[32][39] 120813
c[32][40] 125626
c[32][41] 123630
c[32][42] 120456
c[32][43] 118280
c[32][44] 119652
c[32][45] 115275
c[32][46] 111464
c[32][47] 147833
c[32][48] 129679
c[32][49] 118223
18
