100 100
c[23][75] 129132
c[23][76] 122901
c[23][77] 108568
c[23][78] 110740
c[23][79] 124354
c[23][80] 127166
c[23][81] 115878
c[23][82] 113835
c[23][83] 117707
c[23][84] 115199
c[23][85] 109551
c[23][86] 120411
c[23][87] 105844
c[23][88] 115113
c[23][89] 114233
c[23][90] 114398
c[23][91] 112997
c[23][92] 132979
c[23][93] 111352
c[23][94] 109264
c[23][95] 118912
c[23][96] 120803
c[23][97] 102605
c[23][98] 122543
c[23][99] 124408
c[24][0] 126001
c[24][1] 127019
c[24][2] 122014
c[24][3] 113395
c[24][4] 114683
c[24][5] 123120
c[24][6] 117237
c[24][7] 123778
c[24][8] 127203
c[24][9] 124581
c[24][10] 131078
c[24][11] 122772
c[24][12] 105350
c[24][13] 137869
c[24][14] 137245
c[24][15] 130144
c[24][16] 119802
c[24][17] 116718
c[24][18] 117619
c[24][19] 120228
c[24][20] 116235
c[24][21] 130443
c[24][22] 134441
c[24][23] 121614
c[24][24] 123308
c[24][25] 129367
c[24][26] 138212
c[24][27] 137071
c[24][28] 133929
c[24][29] 134382
c[24][30] 123881
c[24][31] 115181
c[24][32] 119535
c[24][33] 136941
c[24][34] 119945
c[24][35] 134183
c[24][36] 115856
c[24][37] 124798
c[24][38] 142499
c[24][39] 132097
c[24][40] 137658
c[24][41] 132140
c[24][42] 121493
c[24][43] 126826
c[24][44] 107639
c[24][45] 129528
c[24][46] 115555
c[24][47] 143975
c[24][48] 135276
c[24][49] 117772
c[24][50] 128121
c[24][51] 126026
c[24][52] 122844
c[24][53] 122498
c[24][54] 131299
c[24][55] 111656
c[24][56] 128401
c[24][57] 133153
c[24][58] 124937
c[24][59] 135151
c[24][60] 115846
c[24][61] 116128
c[24][62] 146547
c[24][63] 131319
c[24][64] 124996
c[24][65] 113485
c[24][66] 109966
c[24][67] 120923
c[24][68] 116446
c[24][69] 133372
c[24][70] 120664
c[24][71] 121957
c[24][72] 125878
c[24][73] 115788
c[24][74] 134493
c[24][75] 138865
c[24][76] 139826
c[24][77] 113796
c[24][78] 126630
c[24][79] 124039
c[24][80] 136849
c[24][81] 122482
c[24][82] 131966
c[24][83] 128397
c[24][84] 128792
c[24][85] 121707
c[24][86] 128859
c[24][87] 111112
c[24][88] 128954
c[24][89] 128990
c[24][90] 130711
c[24][91] 120095
c[24][92] 129057
c[24][93] 122687
c[24][94] 118543
c[24][95] 135237
c[24][96] 124757
c[24][97] 117460
c[24][98] 130753
c[24][99] 135814
27
