100 100
c[88][75] 146782
c[88][76] 133596
c[88][77] 119978
c[88][78] 123235
c[88][79] 129253
c[88][80] 144533
c[88][81] 122284
c[88][82] 133204
c[88][83] 125913
c[88][84] 125907
c[88][85] 112451
c[88][86] 125001
c[88][87] 112547
c[88][88] 122627
c[88][89] 129162
c[88][90] 125026
c[88][91] 124702
c[88][92] 136192
c[88][93] 132504
c[88][94] 119386
c[88][95] 129630
c[88][96] 129709
c[88][97] 112047
c[88][98] 130936
c[88][99] 124541
c[89][0] 119601
c[89][1] 124771
c[89][2] 124989
c[89][3] 117903
c[89][4] 100229
c[89][5] 118937
c[89][6] 114772
c[89][7] 124124
c[89][8] 119701
c[89][9] 121156
c[89][10] 122925
c[89][11] 121626
c[89][12] 115206
c[89][13] 135140
c[89][14] 134602
c[89][15] 134073
c[89][16] 119167
c[89][17] 115945
c[89][18] 121070
c[89][19] 116712
c[89][20] 118363
c[89][21] 134158
c[89][22] 136054
c[89][23] 125196
c[89][24] 122726
c[89][25] 121722
c[89][26] 138126
c[89][27] 132941
c[89][28] 133490
c[89][29] 131352
c[89][30] 129811
c[89][31] 116301
c[89][32] 105861
c[89][33] 134810
c[89][34] 122170
c[89][35] 123944
c[89][36] 114656
c[89][37] 131159
c[89][38] 134976
c[89][39] 124853
c[89][40] 134722
c[89][41] 129175
c[89][42] 119242
c[89][43] 130713
c[89][44] 115588
c[89][45] 126212
c[89][46] 112949
c[89][47] 147210
c[89][48] 123829
c[89][49] 113234
c[89][50] 130186
c[89][51] 122392
c[89][52] 123288
c[89][53] 113248
c[89][54] 133189
c[89][55] 109952
c[89][56] 131282
c[89][57] 128213
c[89][58] 120765
c[89][59] 125558
c[89][60] 116805
c[89][61] 122076
c[89][62] 144857
c[89][63] 121105
c[89][64] 113582
c[89][65] 110294
c[89][66] 110611
c[89][67] 122704
c[89][68] 114898
c[89][69] 126661
c[89][70] 110956
c[89][71] 122349
c[89][72] 121036
c[89][73] 122633
c[89][74] 137421
c[89][75] 142102
c[89][76] 132585
c[89][77] 114142
c[89][78] 119656
c[89][79] 125887
c[89][80] 135927
c[89][81] 131365
c[89][82] 126529
c[89][83] 125179
c[89][84] 127169
c[89][85] 113882
c[89][86] 120346
c[89][87] 114840
c[89][88] 117460
c[89][89] 121130
c[89][90] 124789
c[89][91] 129847
c[89][92] 136656
c[89][93] 124882
c[89][94] 120064
c[89][95] 128663
c[89][96] 129027
c[89][97] 114421
c[89][98] 120588
c[89][99] 126600
29
