100 100
c[47][50] 124163
c[47][51] 116688
c[47][52] 116799
c[47][53] 116363
c[47][54] 120280
c[47][55] 105368
c[47][56] 123563
c[47][57] 119665
c[47][58] 113489
c[47][59] 122047
c[47][60] 117930
c[47][61] 109248
c[47][62] 130584
c[47][63] 111067
c[47][64] 105352
c[47][65] 114184
c[47][66] 106673
c[47][67] 115319
c[47][68] 117688
c[47][69] 117924
c[47][70] 105276
c[47][71] 112953
c[47][72] 112834
c[47][73] 114696
c[47][74] 119636
c[47][75] 128324
c[47][76] 122099
c[47][77] 112144
c[47][78] 114472
c[47][79] 116843
c[47][80] 130355
c[47][81] 108347
c[47][82] 118021
c[47][83] 112704
c[47][84] 117593
c[47][85] 118628
c[47][86] 116961
c[47][87] 103818
c[47][88] 108084
c[47][89] 120517
c[47][90] 111251
c[47][91] 113077
c[47][92] 128568
c[47][93] 109449
c[47][94] 100636
c[47][95] 117818
c[47][96] 116094
c[47][97] 106038
c[47][98] 121500
c[47][99] 119547
c[48][0] 121175
c[48][1] 121093
c[48][2] 113414
c[48][3] 101165
c[48][4] 101398
c[48][5] 115293
c[48][6] 114630
c[48][7] 115897
c[48][8] 125251
c[48][9] 110502
c[48][10] 123862
c[48][11] 112556
c[48][12] 99703
c[48][13] 126965
c[48][14] 131716
c[48][15] 114445
c[48][16] 114391
c[48][17] 115267
c[48][18] 106368
c[48][19] 109890
c[48][20] 115006
c[48][21] 119306
c[48][22] 126753
c[48][23] 110897
c[48][24] 106900
c[48][25] 117268
c[48][26] 124255
c[48][27] 115043
c[48][28] 123417
c[48][29] 120319
c[48][30] 119094
c[48][31] 111977
c[48][32] 107670
c[48][33] 116178
c[48][34] 121182
c[48][35] 116600
c[48][36] 109023
c[48][37] 120428
c[48][38] 131095
c[48][39] 112554
c[48][40] 124575
c[48][41] 118611
c[48][42] 98791
c[48][43] 110939
c[48][44] 107023
c[48][45] 117703
c[48][46] 104904
c[48][47] 133914
c[48][48] 128416
c[48][49] 107161
c[48][50] 125893
c[48][51] 115221
c[48][52] 119571
c[48][53] 108377
c[48][54] 131154
c[48][55] 112637
c[48][56] 117862
c[48][57] 120426
c[48][58] 112892
c[48][59] 124588
c[48][60] 116497
c[48][61] 112643
c[48][62] 127711
c[48][63] 118332
c[48][64] 108867
c[48][65] 106526
c[48][66] 100638
c[48][67] 111076
c[48][68] 118163
c[48][69] 117879
c[48][70] 109020
c[48][71] 118666
c[48][72] 114872
c[48][73] 109145
c[48][74] 134867
10
