100 100
c[38][75] 122357
c[38][76] 124727
c[38][77] 100102
c[38][78] 112595
c[38][79] 103298
c[38][80] 114152
c[38][81] 108591
c[38][82] 120304
c[38][83] 113448
c[38][84] 107468
c[38][85] 105269
c[38][86] 110160
c[38][87] 92329
c[38][88] 113772
c[38][89] 110273
c[38][90] 112855
c[38][91] 101653
c[38][92] 120075
c[38][93] 112344
c[38][94] 101283
c[38][95] 112607
c[38][96] 111500
c[38][97] 93152
c[38][98] 111297
c[38][99] 118896
c[39][0] 117333
c[39][1] 110308
c[39][2] 118134
c[39][3] 112577
c[39][4] 96368
c[39][5] 111813
c[39][6] 106731
c[39][7] 123456
c[39][8] 121129
c[39][9] 109496
c[39][10] 118370
c[39][11] 104350
c[39][12] 99214
c[39][13] 128134
c[39][14] 124898
c[39][15] 121035
c[39][16] 113614
c[39][17] 119368
c[39][18] 108301
c[39][19] 108764
c[39][20] 106578
c[39][21] 118103
c[39][22] 117873
c[39][23] 116251
c[39][24] 116447
c[39][25] 118211
c[39][26] 123997
c[39][27] 127874
c[39][28] 117512
c[39][29] 118451
c[39][30] 112770
c[39][31] 109227
c[39][32] 112337
c[39][33] 113067
c[39][34] 118317
c[39][35] 118565
c[39][36] 101778
c[39][37] 120391
c[39][38] 124801
c[39][39] 118485
c[39][40] 132157
c[39][41] 118523
c[39][42] 105335
c[39][43] 116149
c[39][44] 115396
c[39][45] 115266
c[39][46] 107401
c[39][47] 144783
c[39][48] 131975
c[39][49] 99793
c[39][50] 134420
c[39][51] 117131
c[39][52] 114767
c[39][53] 110552
c[39][54] 132238
c[39][55] 110932
c[39][56] 120529
c[39][57] 112218
c[39][58] 116818
c[39][59] 123316
c[39][60] 115440
c[39][61] 111267
c[39][62] 125645
c[39][63] 117470
c[39][64] 110002
c[39][65] 110132
c[39][66] 106613
c[39][67] 114139
c[39][68] 116129
c[39][69] 123735
c[39][70] 102796
c[39][71] 114813
c[39][72] 114950
c[39][73] 113533
c[39][74] 129195
c[39][75] 133153
c[39][76] 126902
c[39][77] 107531
c[39][78] 119410
c[39][79] 117195
c[39][80] 132171
c[39][81] 112650
c[39][82] 127311
c[39][83] 128978
c[39][84] 121468
c[39][85] 116888
c[39][86] 116688
c[39][87] 108836
c[39][88] 110921
c[39][89] 116562
c[39][90] 112340
c[39][91] 122110
c[39][92] 121812
c[39][93] 116493
c[39][94] 108470
c[39][95] 127082
c[39][96] 117119
c[39][97] 115617
c[39][98] 119527
c[39][99] 119961
17
