100 100
c[81][25] 109531
c[81][26] 114825
c[81][27] 110551
c[81][28] 115318
c[81][29] 114377
c[81][30] 106529
c[81][31] 102596
c[81][32] 102073
c[81][33] 110305
c[81][34] 116260
c[81][35] 107271
c[81][36] 96184
c[81][37] 108750
c[81][38] 115993
c[81][39] 102258
c[81][40] 116393
c[81][41] 105419
c[81][42] 94483
c[81][43] 115618
c[81][44] 103949
c[81][45] 109610
c[81][46] 97843
c[81][47] 126476
c[81][48] 114150
c[81][49] 99850
c[81][50] 118826
c[81][51] 108898
c[81][52] 105096
c[81][53] 101845
c[81][54] 123008
c[81][55] 109421
c[81][56] 117181
c[81][57] 114202
c[81][58] 98097
c[81][59] 113265
c[81][60] 109894
c[81][61] 97788
c[81][62] 120703
c[81][63] 106538
c[81][64] 100679
c[81][65] 91932
c[81][66] 93861
c[81][67] 106652
c[81][68] 106868
c[81][69] 114060
c[81][70] 99875
c[81][71] 105287
c[81][72] 106033
c[81][73] 106305
c[81][74] 119994
c[81][75] 118133
c[81][76] 114888
c[81][77] 102915
c[81][78] 110755
c[81][79] 104211
c[81][80] 120017
c[81][81] 108426
c[81][82] 108252
c[81][83] 112150
c[81][84] 110878
c[81][85] 98704
c[81][86] 110797
c[81][87] 97608
c[81][88] 107329
c[81][89] 108992
c[81][90] 109812
c[81][91] 113622
c[81][92] 117469
c[81][93] 106103
c[81][94] 102964
c[81][95] 107911
c[81][96] 113530
c[81][97] 105661
c[81][98] 108634
c[81][99] 113518
c[82][0] 115892
c[82][1] 119510
c[82][2] 121892
c[82][3] 115258
c[82][4] 104403
c[82][5] 119616
c[82][6] 119638
c[82][7] 134680
c[82][8] 125557
c[82][9] 117034
c[82][10] 127047
c[82][11] 117680
c[82][12] 109315
c[82][13] 137487
c[82][14] 136605
c[82][15] 126291
c[82][16] 117756
c[82][17] 117494
c[82][18] 113450
c[82][19] 111872
c[82][20] 112487
c[82][21] 126341
c[82][22] 130826
c[82][23] 115422
c[82][24] 114690
c[82][25] 126840
c[82][26] 134806
c[82][27] 126688
c[82][28] 133112
c[82][29] 129658
c[82][30] 122570
c[82][31] 108917
c[82][32] 110937
c[82][33] 128210
c[82][34] 129733
c[82][35] 125054
c[82][36] 116130
c[82][37] 129407
c[82][38] 143638
c[82][39] 125515
c[82][40] 126571
c[82][41] 126266
c[82][42] 116696
c[82][43] 125710
c[82][44] 114284
c[82][45] 124625
c[82][46] 121234
c[82][47] 149153
c[82][48] 134446
c[82][49] 119236
15
