100 100
c[18][75] 115531
c[18][76] 119260
c[18][77] 98272
c[18][78] 111874
c[18][79] 114053
c[18][80] 114409
c[18][81] 111133
c[18][82] 114045
c[18][83] 119741
c[18][84] 113300
c[18][85] 103041
c[18][86] 112774
c[18][87] 97923
c[18][88] 112949
c[18][89] 109372
c[18][90] 117591
c[18][91] 116190
c[18][92] 122272
c[18][93] 108831
c[18][94] 104337
c[18][95] 116299
c[18][96] 114895
c[18][97] 93707
c[18][98] 115529
c[18][99] 120345
c[19][0] 112895
c[19][1] 105225
c[19][2] 116512
c[19][3] 100601
c[19][4] 92163
c[19][5] 110154
c[19][6] 108140
c[19][7] 108932
c[19][8] 115253
c[19][9] 107875
c[19][10] 112405
c[19][11] 106951
c[19][12] 99668
c[19][13] 115685
c[19][14] 118264
c[19][15] 109737
c[19][16] 111404
c[19][17] 104503
c[19][18] 109326
c[19][19] 107170
c[19][20] 102367
c[19][21] 114360
c[19][22] 117636
c[19][23] 101387
c[19][24] 104649
c[19][25] 109252
c[19][26] 115946
c[19][27] 118619
c[19][28] 116352
c[19][29] 117484
c[19][30] 118880
c[19][31] 105970
c[19][32] 104212
c[19][33] 113747
c[19][34] 107914
c[19][35] 112078
c[19][36] 111758
c[19][37] 111553
c[19][38] 123838
c[19][39] 111170
c[19][40] 119530
c[19][41] 107880
c[19][42] 107359
c[19][43] 110695
c[19][44] 114261
c[19][45] 118792
c[19][46] 102409
c[19][47] 135353
c[19][48] 118605
c[19][49] 101823
c[19][50] 121385
c[19][51] 108481
c[19][52] 115274
c[19][53] 114201
c[19][54] 121048
c[19][55] 97873
c[19][56] 123015
c[19][57] 116187
c[19][58] 108901
c[19][59] 120526
c[19][60] 112342
c[19][61] 99824
c[19][62] 123241
c[19][63] 111675
c[19][64] 112152
c[19][65] 108204
c[19][66] 109658
c[19][67] 116226
c[19][68] 108097
c[19][69] 116080
c[19][70] 100594
c[19][71] 109947
c[19][72] 106640
c[19][73] 104400
c[19][74] 116381
c[19][75] 124255
c[19][76] 120881
c[19][77] 101252
c[19][78] 128048
c[19][79] 114184
c[19][80] 129367
c[19][81] 110869
c[19][82] 115212
c[19][83] 114465
c[19][84] 117470
c[19][85] 104727
c[19][86] 117820
c[19][87] 100780
c[19][88] 103566
c[19][89] 112530
c[19][90] 105249
c[19][91] 105325
c[19][92] 128114
c[19][93] 113970
c[19][94] 109707
c[19][95] 116959
c[19][96] 116930
c[19][97] 99268
c[19][98] 114051
c[19][99] 124580
15
