100 100
c[41][25] 114923
c[41][26] 126805
c[41][27] 126018
c[41][28] 124910
c[41][29] 131693
c[41][30] 121997
c[41][31] 108426
c[41][32] 110362
c[41][33] 130124
c[41][34] 122253
c[41][35] 120566
c[41][36] 113682
c[41][37] 109745
c[41][38] 130482
c[41][39] 124975
c[41][40] 128562
c[41][41] 120245
c[41][42] 111938
c[41][43] 123036
c[41][44] 109342
c[41][45] 118381
c[41][46] 103117
c[41][47] 140386
c[41][48] 114137
c[41][49] 108448
c[41][50] 125424
c[41][51] 114557
c[41][52] 126167
c[41][53] 114530
c[41][54] 134115
c[41][55] 105646
c[41][56] 124183
c[41][57] 120976
c[41][58] 112748
c[41][59] 122575
c[41][60] 111847
c[41][61] 109684
c[41][62] 131478
c[41][63] 117425
c[41][64] 115638
c[41][65] 109527
c[41][66] 101892
c[41][67] 123046
c[41][68] 117277
c[41][69] 123343
c[41][70] 108831
c[41][71] 116063
c[41][72] 116362
c[41][73] 115044
c[41][74] 132657
c[41][75] 134218
c[41][76] 132281
c[41][77] 115938
c[41][78] 124095
c[41][79] 118124
c[41][80] 133468
c[41][81] 121006
c[41][82] 123293
c[41][83] 119248
c[41][84] 123975
c[41][85] 109983
c[41][86] 121593
c[41][87] 107988
c[41][88] 117795
c[41][89] 123302
c[41][90] 122621
c[41][91] 120852
c[41][92] 130034
c[41][93] 116543
c[41][94] 110839
c[41][95] 122379
c[41][96] 127483
c[41][97] 108584
c[41][98] 122172
c[41][99] 121828
c[42][0] 129030
c[42][1] 138101
c[42][2] 123012
c[42][3] 117645
c[42][4] 113860
c[42][5] 135221
c[42][6] 119392
c[42][7] 126102
c[42][8] 130363
c[42][9] 130895
c[42][10] 135142
c[42][11] 121043
c[42][12] 110983
c[42][13] 148446
c[42][14] 135360
c[42][15] 130631
c[42][16] 130474
c[42][17] 118343
c[42][18] 120983
c[42][19] 113180
c[42][20] 121950
c[42][21] 122391
c[42][22] 141601
c[42][23] 133180
c[42][24] 123056
c[42][25] 125519
c[42][26] 137214
c[42][27] 138897
c[42][28] 139773
c[42][29] 139218
c[42][30] 132369
c[42][31] 121067
c[42][32] 110196
c[42][33] 127020
c[42][34] 120166
c[42][35] 136956
c[42][36] 120540
c[42][37] 123182
c[42][38] 142831
c[42][39] 127084
c[42][40] 130322
c[42][41] 129561
c[42][42] 119422
c[42][43] 130375
c[42][44] 114456
c[42][45] 131897
c[42][46] 118364
c[42][47] 154634
c[42][48] 143749
c[42][49] 117364
21
