100 100
c[12][50] 137089
c[12][51] 128708
c[12][52] 137437
c[12][53] 121207
c[12][54] 136620
c[12][55] 113556
c[12][56] 138678
c[12][57] 139240
c[12][58] 119140
c[12][59] 135980
c[12][60] 133534
c[12][61] 121539
c[12][62] 148616
c[12][63] 128313
c[12][64] 129079
c[12][65] 124411
c[12][66] 116191
c[12][67] 125544
c[12][68] 125592
c[12][69] 135925
c[12][70] 114597
c[12][71] 130880
c[12][72] 123456
c[12][73] 119225
c[12][74] 139656
c[12][75] 138381
c[12][76] 150039
c[12][77] 118812
c[12][78] 129691
c[12][79] 137990
c[12][80] 143443
c[12][81] 136775
c[12][82] 133308
c[12][83] 135203
c[12][84] 138036
c[12][85] 120400
c[12][86] 134355
c[12][87] 117945
c[12][88] 124352
c[12][89] 134359
c[12][90] 128904
c[12][91] 124944
c[12][92] 138196
c[12][93] 130922
c[12][94] 125324
c[12][95] 131310
c[12][96] 127927
c[12][97] 109632
c[12][98] 129576
c[12][99] 135018
c[13][0] 124048
c[13][1] 118508
c[13][2] 117041
c[13][3] 108416
c[13][4] 100038
c[13][5] 106198
c[13][6] 104823
c[13][7] 116670
c[13][8] 129568
c[13][9] 116417
c[13][10] 120673
c[13][11] 113085
c[13][12] 111872
c[13][13] 131453
c[13][14] 128756
c[13][15] 122720
c[13][16] 121483
c[13][17] 112896
c[13][18] 110058
c[13][19] 118209
c[13][20] 110452
c[13][21] 122535
c[13][22] 131226
c[13][23] 107340
c[13][24] 117875
c[13][25] 122200
c[13][26] 128621
c[13][27] 136974
c[13][28] 122838
c[13][29] 121957
c[13][30] 125112
c[13][31] 98976
c[13][32] 119586
c[13][33] 123965
c[13][34] 119301
c[13][35] 117899
c[13][36] 115296
c[13][37] 115050
c[13][38] 130149
c[13][39] 117251
c[13][40] 131220
c[13][41] 125374
c[13][42] 109361
c[13][43] 121506
c[13][44] 105348
c[13][45] 117087
c[13][46] 105087
c[13][47] 131159
c[13][48] 122566
c[13][49] 108097
c[13][50] 138912
c[13][51] 115021
c[13][52] 120775
c[13][53] 114948
c[13][54] 133534
c[13][55] 103984
c[13][56] 129706
c[13][57] 117397
c[13][58] 112671
c[13][59] 122710
c[13][60] 117764
c[13][61] 113206
c[13][62] 136911
c[13][63] 120159
c[13][64] 118806
c[13][65] 105748
c[13][66] 114305
c[13][67] 117207
c[13][68] 121559
c[13][69] 117757
c[13][70] 109627
c[13][71] 119748
c[13][72] 120966
c[13][73] 110550
c[13][74] 128165
17
