100 100
c[82][50] 141189
c[82][51] 122113
c[82][52] 124362
c[82][53] 121594
c[82][54] 135618
c[82][55] 115321
c[82][56] 129837
c[82][57] 136049
c[82][58] 120891
c[82][59] 127760
c[82][60] 125512
c[82][61] 116802
c[82][62] 142289
c[82][63] 120642
c[82][64] 119449
c[82][65] 125211
c[82][66] 106033
c[82][67] 122152
c[82][68] 119365
c[82][69] 130579
c[82][70] 115678
c[82][71] 121101
c[82][72] 130643
c[82][73] 110704
c[82][74] 137605
c[82][75] 146490
c[82][76] 135716
c[82][77] 118393
c[82][78] 128821
c[82][79] 130002
c[82][80] 137497
c[82][81] 120480
c[82][82] 132767
c[82][83] 130361
c[82][84] 121026
c[82][85] 118777
c[82][86] 118782
c[82][87] 110306
c[82][88] 126053
c[82][89] 127642
c[82][90] 132048
c[82][91] 124027
c[82][92] 133893
c[82][93] 128236
c[82][94] 112154
c[82][95] 123915
c[82][96] 130828
c[82][97] 114150
c[82][98] 124662
c[82][99] 125161
c[83][0] 115191
c[83][1] 116239
c[83][2] 101685
c[83][3] 101181
c[83][4] 98198
c[83][5] 110123
c[83][6] 98899
c[83][7] 111153
c[83][8] 114532
c[83][9] 109449
c[83][10] 114319
c[83][11] 113876
c[83][12] 103124
c[83][13] 125467
c[83][14] 121659
c[83][15] 116629
c[83][16] 114206
c[83][17] 103679
c[83][18] 101329
c[83][19] 111189
c[83][20] 105962
c[83][21] 120246
c[83][22] 120125
c[83][23] 110721
c[83][24] 111455
c[83][25] 121786
c[83][26] 117690
c[83][27] 121623
c[83][28] 123651
c[83][29] 126925
c[83][30] 120076
c[83][31] 99211
c[83][32] 114668
c[83][33] 116452
c[83][34] 111466
c[83][35] 126764
c[83][36] 105171
c[83][37] 110551
c[83][38] 132827
c[83][39] 118260
c[83][40] 124884
c[83][41] 125452
c[83][42] 114980
c[83][43] 104808
c[83][44] 101714
c[83][45] 115196
c[83][46] 105342
c[83][47] 128947
c[83][48] 123470
c[83][49] 105053
c[83][50] 126323
c[83][51] 108695
c[83][52] 113539
c[83][53] 111074
c[83][54] 128686
c[83][55] 108321
c[83][56] 123119
c[83][57] 113260
c[83][58] 118105
c[83][59] 119562
c[83][60] 114324
c[83][61] 105003
c[83][62] 129955
c[83][63] 117351
c[83][64] 119371
c[83][65] 104728
c[83][66] 97731
c[83][67] 112702
c[83][68] 112416
c[83][69] 119335
c[83][70] 109196
c[83][71] 104925
c[83][72] 109557
c[83][73] 109935
c[83][74] 121619
11
