100 100
c[16][25] 125774
c[16][26] 136237
c[16][27] 130356
c[16][28] 132676
c[16][29] 132813
c[16][30] 127499
c[16][31] 117445
c[16][32] 115137
c[16][33] 130562
c[16][34] 121768
c[16][35] 131425
c[16][36] 118456
c[16][37] 134850
c[16][38] 135585
c[16][39] 132445
c[16][40] 137004
c[16][41] 135589
c[16][42] 118319
c[16][43] 133468
c[16][44] 127573
c[16][45] 134739
c[16][46] 106049
c[16][47] 158473
c[16][48] 134545
c[16][49] 108701
c[16][50] 139141
c[16][51] 120789
c[16][52] 130369
c[16][53] 129296
c[16][54] 144032
c[16][55] 118683
c[16][56] 132290
c[16][57] 139898
c[16][58] 118717
c[16][59] 122877
c[16][60] 123105
c[16][61] 124130
c[16][62] 141376
c[16][63] 134145
c[16][64] 128444
c[16][65] 117136
c[16][66] 114257
c[16][67] 120234
c[16][68] 127569
c[16][69] 138460
c[16][70] 113033
c[16][71] 115318
c[16][72] 120820
c[16][73] 119049
c[16][74] 141477
c[16][75] 146283
c[16][76] 137861
c[16][77] 117771
c[16][78] 130632
c[16][79] 129988
c[16][80] 144682
c[16][81] 120400
c[16][82] 126738
c[16][83] 134159
c[16][84] 132137
c[16][85] 119281
c[16][86] 121483
c[16][87] 118449
c[16][88] 123863
c[16][89] 122948
c[16][90] 132612
c[16][91] 128689
c[16][92] 139164
c[16][93] 132069
c[16][94] 122203
c[16][95] 138681
c[16][96] 126741
c[16][97] 118685
c[16][98] 132822
c[16][99] 135116
c[17][0] 113337
c[17][1] 114051
c[17][2] 117677
c[17][3] 107940
c[17][4] 110008
c[17][5] 114085
c[17][6] 105156
c[17][7] 120212
c[17][8] 118588
c[17][9] 110301
c[17][10] 111172
c[17][11] 116281
c[17][12] 105503
c[17][13] 118550
c[17][14] 119608
c[17][15] 124797
c[17][16] 117185
c[17][17] 113748
c[17][18] 110790
c[17][19] 106491
c[17][20] 108382
c[17][21] 122690
c[17][22] 123480
c[17][23] 113986
c[17][24] 124895
c[17][25] 117436
c[17][26] 125319
c[17][27] 121588
c[17][28] 123331
c[17][29] 123266
c[17][30] 117858
c[17][31] 100670
c[17][32] 110717
c[17][33] 113085
c[17][34] 118799
c[17][35] 123159
c[17][36] 105513
c[17][37] 115927
c[17][38] 127371
c[17][39] 116795
c[17][40] 130345
c[17][41] 119245
c[17][42] 106453
c[17][43] 114860
c[17][44] 113238
c[17][45] 110005
c[17][46] 111662
c[17][47] 142569
c[17][48] 125884
c[17][49] 115128
13
