100 100
c[73][75] 132309
c[73][76] 127156
c[73][77] 115814
c[73][78] 119987
c[73][79] 124978
c[73][80] 132680
c[73][81] 119271
c[73][82] 126235
c[73][83] 125775
c[73][84] 120782
c[73][85] 113724
c[73][86] 118951
c[73][87] 107078
c[73][88] 126261
c[73][89] 126651
c[73][90] 116750
c[73][91] 120165
c[73][92] 127165
c[73][93] 123958
c[73][94] 115025
c[73][95] 124805
c[73][96] 125377
c[73][97] 113573
c[73][98] 128017
c[73][99] 128157
c[74][0] 120760
c[74][1] 132975
c[74][2] 125626
c[74][3] 107083
c[74][4] 111318
c[74][5] 125500
c[74][6] 114616
c[74][7] 129041
c[74][8] 129745
c[74][9] 124470
c[74][10] 120245
c[74][11] 122663
c[74][12] 112648
c[74][13] 138052
c[74][14] 139643
c[74][15] 127696
c[74][16] 117710
c[74][17] 126864
c[74][18] 123573
c[74][19] 116278
c[74][20] 109997
c[74][21] 133041
c[74][22] 134042
c[74][23] 127204
c[74][24] 119233
c[74][25] 125301
c[74][26] 137830
c[74][27] 133285
c[74][28] 131554
c[74][29] 129227
c[74][30] 125232
c[74][31] 117502
c[74][32] 115680
c[74][33] 127982
c[74][34] 126963
c[74][35] 114981
c[74][36] 108847
c[74][37] 131300
c[74][38] 135014
c[74][39] 123757
c[74][40] 143259
c[74][41] 125611
c[74][42] 105662
c[74][43] 123397
c[74][44] 115167
c[74][45] 126456
c[74][46] 116329
c[74][47] 156009
c[74][48] 134768
c[74][49] 126919
c[74][50] 139939
c[74][51] 128192
c[74][52] 122263
c[74][53] 123395
c[74][54] 133399
c[74][55] 109560
c[74][56] 136281
c[74][57] 125984
c[74][58] 124454
c[74][59] 133256
c[74][60] 127285
c[74][61] 116783
c[74][62] 149142
c[74][63] 123778
c[74][64] 123652
c[74][65] 116274
c[74][66] 110515
c[74][67] 125890
c[74][68] 129978
c[74][69] 129255
c[74][70] 113029
c[74][71] 115975
c[74][72] 126738
c[74][73] 118771
c[74][74] 133435
c[74][75] 141735
c[74][76] 138095
c[74][77] 110586
c[74][78] 123754
c[74][79] 127119
c[74][80] 135745
c[74][81] 127177
c[74][82] 138453
c[74][83] 125672
c[74][84] 130789
c[74][85] 126436
c[74][86] 137776
c[74][87] 110348
c[74][88] 128248
c[74][89] 123973
c[74][90] 129542
c[74][91] 132353
c[74][92] 138675
c[74][93] 122910
c[74][94] 111173
c[74][95] 130193
c[74][96] 130388
c[74][97] 119304
c[74][98] 132686
c[74][99] 145134
92
