100 100
c[61][25] 124517
c[61][26] 134201
c[61][27] 142343
c[61][28] 138928
c[61][29] 136748
c[61][30] 127066
c[61][31] 120460
c[61][32] 117173
c[61][33] 128527
c[61][34] 125862
c[61][35] 128657
c[61][36] 118977
c[61][37] 133951
c[61][38] 138265
c[61][39] 128514
c[61][40] 130201
c[61][41] 135482
c[61][42] 122089
c[61][43] 131407
c[61][44] 109761
c[61][45] 128153
c[61][46] 121432
c[61][47] 153159
c[61][48] 130287
c[61][49] 112728
c[61][50] 137556
c[61][51] 126899
c[61][52] 124597
c[61][53] 130289
c[61][54] 142059
c[61][55] 119428
c[61][56] 137079
c[61][57] 127966
c[61][58] 130090
c[61][59] 134323
c[61][60] 133504
c[61][61] 118857
c[61][62] 147421
c[61][63] 131117
c[61][64] 128841
c[61][65] 119179
c[61][66] 114398
c[61][67] 126331
c[61][68] 123543
c[61][69] 132155
c[61][70] 117929
c[61][71] 125216
c[61][72] 125189
c[61][73] 120463
c[61][74] 137629
c[61][75] 140366
c[61][76] 138797
c[61][77] 119054
c[61][78] 123265
c[61][79] 131352
c[61][80] 140773
c[61][81] 127339
c[61][82] 128470
c[61][83] 133757
c[61][84] 127308
c[61][85] 122392
c[61][86] 135492
c[61][87] 117904
c[61][88] 122378
c[61][89] 119768
c[61][90] 132566
c[61][91] 125843
c[61][92] 138140
c[61][93] 126886
c[61][94] 131499
c[61][95] 127306
c[61][96] 131774
c[61][97] 116096
c[61][98] 127014
c[61][99] 138729
c[62][0] 122656
c[62][1] 126874
c[62][2] 130683
c[62][3] 115088
c[62][4] 98049
c[62][5] 124713
c[62][6] 116306
c[62][7] 127647
c[62][8] 128416
c[62][9] 118390
c[62][10] 125253
c[62][11] 125138
c[62][12] 114208
c[62][13] 138710
c[62][14] 139680
c[62][15] 130894
c[62][16] 126682
c[62][17] 123128
c[62][18] 126501
c[62][19] 113992
c[62][20] 119281
c[62][21] 131820
c[62][22] 138374
c[62][23] 125826
c[62][24] 127524
c[62][25] 119462
c[62][26] 135539
c[62][27] 129353
c[62][28] 124920
c[62][29] 130852
c[62][30] 123354
c[62][31] 125920
c[62][32] 113835
c[62][33] 133583
c[62][34] 125921
c[62][35] 127765
c[62][36] 119977
c[62][37] 126839
c[62][38] 138351
c[62][39] 126476
c[62][40] 134667
c[62][41] 123261
c[62][42] 111280
c[62][43] 127878
c[62][44] 116639
c[62][45] 126981
c[62][46] 112686
c[62][47] 157365
c[62][48] 134570
c[62][49] 109719
11
