100 100
c[51][25] 122661
c[51][26] 129630
c[51][27] 125771
c[51][28] 129817
c[51][29] 129259
c[51][30] 115400
c[51][31] 106361
c[51][32] 120138
c[51][33] 131994
c[51][34] 129371
c[51][35] 124804
c[51][36] 111723
c[51][37] 116689
c[51][38] 130350
c[51][39] 129836
c[51][40] 129635
c[51][41] 121107
c[51][42] 115612
c[51][43] 123455
c[51][44] 114585
c[51][45] 129370
c[51][46] 108029
c[51][47] 143358
c[51][48] 125358
c[51][49] 111952
c[51][50] 134262
c[51][51] 123007
c[51][52] 127032
c[51][53] 115508
c[51][54] 135754
c[51][55] 108177
c[51][56] 126985
c[51][57] 124337
c[51][58] 116976
c[51][59] 127189
c[51][60] 120790
c[51][61] 115117
c[51][62] 133395
c[51][63] 122199
c[51][64] 117980
c[51][65] 119217
c[51][66] 113671
c[51][67] 125703
c[51][68] 121774
c[51][69] 128568
c[51][70] 113052
c[51][71] 114078
c[51][72] 122119
c[51][73] 116712
c[51][74] 132622
c[51][75] 134552
c[51][76] 137097
c[51][77] 115855
c[51][78] 121394
c[51][79] 123510
c[51][80] 138926
c[51][81] 129270
c[51][82] 120160
c[51][83] 122664
c[51][84] 120192
c[51][85] 116361
c[51][86] 127849
c[51][87] 103117
c[51][88] 120816
c[51][89] 121217
c[51][90] 120770
c[51][91] 125362
c[51][92] 130687
c[51][93] 127084
c[51][94] 125781
c[51][95] 121895
c[51][96] 126927
c[51][97] 116361
c[51][98] 125750
c[51][99] 129145
c[52][0] 135766
c[52][1] 132925
c[52][2] 117683
c[52][3] 120746
c[52][4] 103967
c[52][5] 125898
c[52][6] 123029
c[52][7] 132742
c[52][8] 130044
c[52][9] 127451
c[52][10] 131013
c[52][11] 127438
c[52][12] 121546
c[52][13] 146655
c[52][14] 137688
c[52][15] 137878
c[52][16] 131263
c[52][17] 121447
c[52][18] 126416
c[52][19] 123057
c[52][20] 119544
c[52][21] 138228
c[52][22] 140546
c[52][23] 124900
c[52][24] 130564
c[52][25] 127986
c[52][26] 139766
c[52][27] 135069
c[52][28] 141110
c[52][29] 132104
c[52][30] 131153
c[52][31] 110346
c[52][32] 118763
c[52][33] 130048
c[52][34] 134675
c[52][35] 124131
c[52][36] 118957
c[52][37] 134420
c[52][38] 141814
c[52][39] 130304
c[52][40] 142833
c[52][41] 136757
c[52][42] 119953
c[52][43] 130349
c[52][44] 120359
c[52][45] 120667
c[52][46] 115649
c[52][47] 162550
c[52][48] 139046
c[52][49] 122340
14
