100 100
c[71][25] 132178
c[71][26] 130858
c[71][27] 138680
c[71][28] 134852
c[71][29] 137631
c[71][30] 122250
c[71][31] 117133
c[71][32] 114780
c[71][33] 134714
c[71][34] 128287
c[71][35] 134529
c[71][36] 118763
c[71][37] 133293
c[71][38] 148289
c[71][39] 131277
c[71][40] 130558
c[71][41] 130629
c[71][42] 119425
c[71][43] 120928
c[71][44] 114582
c[71][45] 120146
c[71][46] 119005
c[71][47] 153376
c[71][48] 140742
c[71][49] 128628
c[71][50] 134677
c[71][51] 135566
c[71][52] 126929
c[71][53] 121084
c[71][54] 135674
c[71][55] 117170
c[71][56] 140072
c[71][57] 132778
c[71][58] 128397
c[71][59] 135193
c[71][60] 123591
c[71][61] 119294
c[71][62] 144748
c[71][63] 124274
c[71][64] 131037
c[71][65] 117012
c[71][66] 114877
c[71][67] 128077
c[71][68] 125760
c[71][69] 132064
c[71][70] 115003
c[71][71] 124894
c[71][72] 124197
c[71][73] 126045
c[71][74] 136848
c[71][75] 137897
c[71][76] 137046
c[71][77] 117087
c[71][78] 128837
c[71][79] 130978
c[71][80] 139264
c[71][81] 130967
c[71][82] 134934
c[71][83] 130485
c[71][84] 125482
c[71][85] 118240
c[71][86] 130797
c[71][87] 110859
c[71][88] 127984
c[71][89] 129873
c[71][90] 124602
c[71][91] 126731
c[71][92] 143514
c[71][93] 124047
c[71][94] 124631
c[71][95] 126956
c[71][96] 131017
c[71][97] 114526
c[71][98] 130419
c[71][99] 139238
c[72][0] 118196
c[72][1] 128150
c[72][2] 122271
c[72][3] 115912
c[72][4] 102781
c[72][5] 122608
c[72][6] 116765
c[72][7] 124813
c[72][8] 131109
c[72][9] 127048
c[72][10] 122217
c[72][11] 115729
c[72][12] 111330
c[72][13] 144673
c[72][14] 134452
c[72][15] 124966
c[72][16] 115194
c[72][17] 125243
c[72][18] 119329
c[72][19] 119249
c[72][20] 110472
c[72][21] 131739
c[72][22] 128413
c[72][23] 125836
c[72][24] 124250
c[72][25] 127964
c[72][26] 133334
c[72][27] 120639
c[72][28] 134806
c[72][29] 130304
c[72][30] 122191
c[72][31] 104468
c[72][32] 115977
c[72][33] 131120
c[72][34] 126002
c[72][35] 128813
c[72][36] 119977
c[72][37] 124737
c[72][38] 138362
c[72][39] 127094
c[72][40] 131626
c[72][41] 125860
c[72][42] 114868
c[72][43] 127027
c[72][44] 114235
c[72][45] 120327
c[72][46] 113521
c[72][47] 142847
c[72][48] 133210
c[72][49] 118051
31
