100 100
c[32][50] 130585
c[32][51] 113078
c[32][52] 120545
c[32][53] 120212
c[32][54] 131239
c[32][55] 113293
c[32][56] 134973
c[32][57] 126893
c[32][58] 118090
c[32][59] 124788
c[32][60] 117306
c[32][61] 112598
c[32][62] 139654
c[32][63] 120085
c[32][64] 116575
c[32][65] 109357
c[32][66] 112241
c[32][67] 116179
c[32][68] 123620
c[32][69] 127845
c[32][70] 116152
c[32][71] 117145
c[32][72] 119566
c[32][73] 107889
c[32][74] 134685
c[32][75] 133121
c[32][76] 128419
c[32][77] 110452
c[32][78] 128063
c[32][79] 126583
c[32][80] 135051
c[32][81] 116336
c[32][82] 122103
c[32][83] 125683
c[32][84] 125848
c[32][85] 109655
c[32][86] 121685
c[32][87] 112472
c[32][88] 120347
c[32][89] 121674
c[32][90] 122516
c[32][91] 118859
c[32][92] 134816
c[32][93] 124759
c[32][94] 114935
c[32][95] 127100
c[32][96] 126953
c[32][97] 107609
c[32][98] 124443
c[32][99] 137000
c[33][0] 110793
c[33][1] 113039
c[33][2] 110106
c[33][3] 103943
c[33][4] 102864
c[33][5] 118139
c[33][6] 97070
c[33][7] 105840
c[33][8] 114551
c[33][9] 109762
c[33][10] 118297
c[33][11] 112305
c[33][12] 106370
c[33][13] 122663
c[33][14] 122992
c[33][15] 113063
c[33][16] 112006
c[33][17] 97846
c[33][18] 108166
c[33][19] 102216
c[33][20] 97758
c[33][21] 120562
c[33][22] 121707
c[33][23] 103010
c[33][24] 111989
c[33][25] 113502
c[33][26] 116404
c[33][27] 121768
c[33][28] 122302
c[33][29] 120039
c[33][30] 115541
c[33][31] 103677
c[33][32] 101939
c[33][33] 122317
c[33][34] 114260
c[33][35] 113947
c[33][36] 106744
c[33][37] 108122
c[33][38] 124134
c[33][39] 117248
c[33][40] 124277
c[33][41] 116957
c[33][42] 113382
c[33][43] 110133
c[33][44] 98693
c[33][45] 113515
c[33][46] 97615
c[33][47] 138279
c[33][48] 114660
c[33][49] 104188
c[33][50] 123515
c[33][51] 114596
c[33][52] 109715
c[33][53] 108276
c[33][54] 122658
c[33][55] 106787
c[33][56] 119197
c[33][57] 112562
c[33][58] 115998
c[33][59] 123402
c[33][60] 103525
c[33][61] 110179
c[33][62] 129578
c[33][63] 117093
c[33][64] 111128
c[33][65] 108798
c[33][66] 96707
c[33][67] 113407
c[33][68] 110286
c[33][69] 115545
c[33][70] 104754
c[33][71] 112609
c[33][72] 110661
c[33][73] 104920
c[33][74] 117185
20
