100 100
c[67][50] 122261
c[67][51] 119281
c[67][52] 115855
c[67][53] 112610
c[67][54] 120639
c[67][55] 106775
c[67][56] 132693
c[67][57] 119353
c[67][58] 112731
c[67][59] 127405
c[67][60] 111230
c[67][61] 116406
c[67][62] 138326
c[67][63] 115015
c[67][64] 114758
c[67][65] 107326
c[67][66] 96874
c[67][67] 112957
c[67][68] 114394
c[67][69] 122260
c[67][70] 104873
c[67][71] 115898
c[67][72] 114872
c[67][73] 104939
c[67][74] 129208
c[67][75] 121719
c[67][76] 132827
c[67][77] 110893
c[67][78] 124714
c[67][79] 117737
c[67][80] 120575
c[67][81] 118137
c[67][82] 121128
c[67][83] 119456
c[67][84] 119719
c[67][85] 101020
c[67][86] 123404
c[67][87] 101901
c[67][88] 121594
c[67][89] 123669
c[67][90] 122682
c[67][91] 120527
c[67][92] 118068
c[67][93] 112310
c[67][94] 105342
c[67][95] 119490
c[67][96] 132028
c[67][97] 104576
c[67][98] 117217
c[67][99] 120235
c[68][0] 112949
c[68][1] 115705
c[68][2] 111461
c[68][3] 102067
c[68][4] 98186
c[68][5] 112486
c[68][6] 110714
c[68][7] 119168
c[68][8] 115967
c[68][9] 110756
c[68][10] 121317
c[68][11] 108548
c[68][12] 99608
c[68][13] 129530
c[68][14] 124588
c[68][15] 124186
c[68][16] 107489
c[68][17] 112634
c[68][18] 112860
c[68][19] 101528
c[68][20] 105079
c[68][21] 120060
c[68][22] 125008
c[68][23] 115272
c[68][24] 106340
c[68][25] 114968
c[68][26] 113520
c[68][27] 119302
c[68][28] 122060
c[68][29] 121377
c[68][30] 109697
c[68][31] 113030
c[68][32] 104346
c[68][33] 126722
c[68][34] 107351
c[68][35] 114831
c[68][36] 98827
c[68][37] 118401
c[68][38] 126972
c[68][39] 114320
c[68][40] 117586
c[68][41] 112887
c[68][42] 100629
c[68][43] 110840
c[68][44] 115953
c[68][45] 108996
c[68][46] 105380
c[68][47] 146161
c[68][48] 121678
c[68][49] 112376
c[68][50] 123474
c[68][51] 114400
c[68][52] 116948
c[68][53] 107820
c[68][54] 118128
c[68][55] 103601
c[68][56] 121599
c[68][57] 122746
c[68][58] 115313
c[68][59] 118827
c[68][60] 111645
c[68][61] 109140
c[68][62] 134334
c[68][63] 104391
c[68][64] 108089
c[68][65] 104635
c[68][66] 99743
c[68][67] 111254
c[68][68] 110084
c[68][69] 109987
c[68][70] 103858
c[68][71] 110738
c[68][72] 116051
c[68][73] 112200
c[68][74] 126410
16
