100 100
c[62][50] 137500
c[62][51] 130966
c[62][52] 124726
c[62][53] 119576
c[62][54] 132876
c[62][55] 118596
c[62][56] 141399
c[62][57] 126221
c[62][58] 124478
c[62][59] 134670
c[62][60] 130123
c[62][61] 121453
c[62][62] 143986
c[62][63] 130284
c[62][64] 125497
c[62][65] 119404
c[62][66] 116769
c[62][67] 123171
c[62][68] 129582
c[62][69] 134420
c[62][70] 110631
c[62][71] 120887
c[62][72] 124781
c[62][73] 119589
c[62][74] 137756
c[62][75] 143061
c[62][76] 135037
c[62][77] 114263
c[62][78] 136350
c[62][79] 128654
c[62][80] 145866
c[62][81] 134508
c[62][82] 129129
c[62][83] 128221
c[62][84] 129719
c[62][85] 125509
c[62][86] 127345
c[62][87] 106269
c[62][88] 127088
c[62][89] 133948
c[62][90] 126424
c[62][91] 131508
c[62][92] 138275
c[62][93] 125933
c[62][94] 112961
c[62][95] 127168
c[62][96] 131944
c[62][97] 125945
c[62][98] 135100
c[62][99] 137579
c[63][0] 116624
c[63][1] 119372
c[63][2] 122629
c[63][3] 115436
c[63][4] 109731
c[63][5] 118539
c[63][6] 113104
c[63][7] 119813
c[63][8] 126038
c[63][9] 117036
c[63][10] 118099
c[63][11] 113951
c[63][12] 100016
c[63][13] 132930
c[63][14] 124720
c[63][15] 125208
c[63][16] 118482
c[63][17] 112770
c[63][18] 114878
c[63][19] 111909
c[63][20] 115083
c[63][21] 123187
c[63][22] 133889
c[63][23] 122206
c[63][24] 116349
c[63][25] 113228
c[63][26] 121572
c[63][27] 129341
c[63][28] 127456
c[63][29] 121861
c[63][30] 114007
c[63][31] 111384
c[63][32] 106978
c[63][33] 130869
c[63][34] 112360
c[63][35] 116781
c[63][36] 118552
c[63][37] 119741
c[63][38] 134557
c[63][39] 126828
c[63][40] 128933
c[63][41] 120151
c[63][42] 105140
c[63][43] 120773
c[63][44] 117537
c[63][45] 113504
c[63][46] 107213
c[63][47] 142490
c[63][48] 124264
c[63][49] 110482
c[63][50] 128926
c[63][51] 116807
c[63][52] 125720
c[63][53] 111423
c[63][54] 128807
c[63][55] 108453
c[63][56] 126960
c[63][57] 122669
c[63][58] 110082
c[63][59] 128722
c[63][60] 119424
c[63][61] 119627
c[63][62] 138040
c[63][63] 112986
c[63][64] 117069
c[63][65] 107783
c[63][66] 103316
c[63][67] 114364
c[63][68] 113657
c[63][69] 120681
c[63][70] 110009
c[63][71] 110332
c[63][72] 109249
c[63][73] 110164
c[63][74] 129621
12
