100 100
c[36][25] 126019
c[36][26] 125343
c[36][27] 135978
c[36][28] 133006
c[36][29] 125868
c[36][30] 121880
c[36][31] 115719
c[36][32] 104491
c[36][33] 128458
c[36][34] 119367
c[36][35] 118707
c[36][36] 113526
c[36][37] 131329
c[36][38] 138125
c[36][39] 123809
c[36][40] 134526
c[36][41] 123572
c[36][42] 109693
c[36][43] 122008
c[36][44] 113027
c[36][45] 121572
c[36][46] 108241
c[36][47] 144337
c[36][48] 124834
c[36][49] 109255
c[36][50] 126981
c[36][51] 122472
c[36][52] 125744
c[36][53] 108702
c[36][54] 128219
c[36][55] 103105
c[36][56] 133627
c[36][57] 121348
c[36][58] 119209
c[36][59] 129165
c[36][60] 124930
c[36][61] 112499
c[36][62] 142572
c[36][63] 108474
c[36][64] 113644
c[36][65] 108893
c[36][66] 109359
c[36][67] 121595
c[36][68] 123672
c[36][69] 125511
c[36][70] 114366
c[36][71] 118674
c[36][72] 116365
c[36][73] 114259
c[36][74] 136251
c[36][75] 133721
c[36][76] 131415
c[36][77] 116493
c[36][78] 121724
c[36][79] 118752
c[36][80] 134414
c[36][81] 125356
c[36][82] 129554
c[36][83] 120101
c[36][84] 123351
c[36][85] 118634
c[36][86] 128737
c[36][87] 108359
c[36][88] 124271
c[36][89] 116873
c[36][90] 132293
c[36][91] 122436
c[36][92] 132978
c[36][93] 125252
c[36][94] 117136
c[36][95] 126592
c[36][96] 119935
c[36][97] 110592
c[36][98] 120372
c[36][99] 124514
c[37][0] 114749
c[37][1] 118367
c[37][2] 115927
c[37][3] 102932
c[37][4] 103205
c[37][5] 116709
c[37][6] 108163
c[37][7] 121352
c[37][8] 116518
c[37][9] 114752
c[37][10] 119312
c[37][11] 118544
c[37][12] 110833
c[37][13] 131048
c[37][14] 123323
c[37][15] 118890
c[37][16] 123693
c[37][17] 102305
c[37][18] 115360
c[37][19] 118740
c[37][20] 103822
c[37][21] 125475
c[37][22] 125210
c[37][23] 115546
c[37][24] 121382
c[37][25] 118048
c[37][26] 128154
c[37][27] 126731
c[37][28] 126325
c[37][29] 124789
c[37][30] 121376
c[37][31] 107741
c[37][32] 105763
c[37][33] 125074
c[37][34] 114481
c[37][35] 120193
c[37][36] 107801
c[37][37] 126344
c[37][38] 126797
c[37][39] 123749
c[37][40] 125493
c[37][41] 121768
c[37][42] 101541
c[37][43] 110924
c[37][44] 111052
c[37][45] 117774
c[37][46] 106548
c[37][47] 139361
c[37][48] 127962
c[37][49] 115496
18
