100 100
c[42][50] 142125
c[42][51] 128347
c[42][52] 131649
c[42][53] 127852
c[42][54] 138161
c[42][55] 117965
c[42][56] 137798
c[42][57] 132650
c[42][58] 123557
c[42][59] 137644
c[42][60] 133532
c[42][61] 125186
c[42][62] 151416
c[42][63] 130714
c[42][64] 128207
c[42][65] 120099
c[42][66] 113329
c[42][67] 124082
c[42][68] 124456
c[42][69] 129582
c[42][70] 116320
c[42][71] 136344
c[42][72] 116783
c[42][73] 122161
c[42][74] 151893
c[42][75] 148286
c[42][76] 138664
c[42][77] 114742
c[42][78] 133201
c[42][79] 135969
c[42][80] 144481
c[42][81] 131373
c[42][82] 142329
c[42][83] 135979
c[42][84] 134584
c[42][85] 121074
c[42][86] 131595
c[42][87] 119561
c[42][88] 125985
c[42][89] 134966
c[42][90] 137369
c[42][91] 130520
c[42][92] 138065
c[42][93] 131222
c[42][94] 121150
c[42][95] 131236
c[42][96] 136721
c[42][97] 117909
c[42][98] 124774
c[42][99] 144755
c[43][0] 110677
c[43][1] 117039
c[43][2] 106638
c[43][3] 105597
c[43][4] 95581
c[43][5] 104713
c[43][6] 103102
c[43][7] 117978
c[43][8] 117392
c[43][9] 108659
c[43][10] 121320
c[43][11] 110118
c[43][12] 96327
c[43][13] 126183
c[43][14] 116991
c[43][15] 113039
c[43][16] 112306
c[43][17] 109808
c[43][18] 109646
c[43][19] 107584
c[43][20] 104237
c[43][21] 112267
c[43][22] 119532
c[43][23] 116960
c[43][24] 112539
c[43][25] 108951
c[43][26] 122868
c[43][27] 114430
c[43][28] 125339
c[43][29] 118042
c[43][30] 112038
c[43][31] 91572
c[43][32] 103107
c[43][33] 113067
c[43][34] 115574
c[43][35] 113492
c[43][36] 104860
c[43][37] 104522
c[43][38] 129725
c[43][39] 115558
c[43][40] 126235
c[43][41] 110808
c[43][42] 95707
c[43][43] 107917
c[43][44] 104503
c[43][45] 114821
c[43][46] 102212
c[43][47] 128851
c[43][48] 119595
c[43][49] 106219
c[43][50] 129444
c[43][51] 106471
c[43][52] 114206
c[43][53] 113505
c[43][54] 119563
c[43][55] 103669
c[43][56] 123247
c[43][57] 114288
c[43][58] 107147
c[43][59] 127668
c[43][60] 116710
c[43][61] 105962
c[43][62] 135091
c[43][63] 111195
c[43][64] 114294
c[43][65] 96232
c[43][66] 109181
c[43][67] 107456
c[43][68] 108984
c[43][69] 113811
c[43][70] 102063
c[43][71] 109401
c[43][72] 105522
c[43][73] 113688
c[43][74] 118664
23
