Matriz;P;Qtd_threads;Tempo;
M100x100;1250;8;1064;
M100x100;1250;8;1106;
M100x100;1250;8;1765;
M100x100;1250;8;1351;
M100x100;1250;8;1529;
M100x100;1250;8;1215;
M100x100;1250;8;1041;
M100x100;1250;8;1619;
M100x100;1250;8;1403;
M100x100;1250;8;1143;
M200x200;5000;8;11864;
M200x200;5000;8;11930;
M200x200;5000;8;7788;
M200x200;5000;8;10508;
M200x200;5000;8;8857;
M200x200;5000;8;9508;
M200x200;5000;8;12742;
M200x200;5000;8;8233;
M200x200;5000;8;12328;
M200x200;5000;8;8202;
M400x400;20000;8;81523;
M400x400;20000;8;69190;
M400x400;20000;8;68471;
M400x400;20000;8;71214;
M400x400;20000;8;69013;
M400x400;20000;8;81199;
M400x400;20000;8;68819;
M400x400;20000;8;74569;
M400x400;20000;8;84335;
M400x400;20000;8;70682;
M800x800;80000;8;474602;
M800x800;80000;8;520160;
M800x800;80000;8;602981;
M800x800;80000;8;543298;
M800x800;80000;8;529172;
M800x800;80000;8;676198;
M800x800;80000;8;498221;
M800x800;80000;8;549057;
M800x800;80000;8;677663;
M800x800;80000;8;496995;
M1600x1600;320000;8;6761235;
M1600x1600;320000;8;6732813;
M1600x1600;320000;8;6841937;
M1600x1600;320000;8;6448529;
M1600x1600;320000;8;6276734;
M1600x1600;320000;8;6571396;
M1600x1600;320000;8;6998773;
M1600x1600;320000;8;6586919;
M1600x1600;320000;8;6744780;
M1600x1600;320000;8;6751332;
M2200x2200;605000;8;23022697;
M2200x2200;605000;8;22677601;
M2200x2200;605000;8;23533959;
M2200x2200;605000;8;23367415;
M2200x2200;605000;8;22889246;
M2200x2200;605000;8;22362070;
M2200x2200;605000;8;22715475;
M2200x2200;605000;8;22471929;
M2200x2200;605000;8;22086639;
M2200x2200;605000;8;22522929;
-----------------------------
M100x100;1250;8;1024;
M100x100;1250;8;993;
M100x100;1250;8;989;
M100x100;1250;8;1071;
M100x100;1250;8;1106;
M100x100;1250;8;1132;
M100x100;1250;8;1037;
M100x100;1250;8;1143;
M100x100;1250;8;913;
M100x100;1250;8;867;
M200x200;5000;8;9212;
M200x200;5000;8;7824;
M200x200;5000;8;9547;
M200x200;5000;8;6894;
M200x200;5000;8;11919;
M200x200;5000;8;8654;
M200x200;5000;8;9421;
M200x200;5000;8;9746;
M200x200;5000;8;7846;
M200x200;5000;8;12575;
M400x400;20000;8;72763;
M400x400;20000;8;72209;
M400x400;20000;8;75657;
M400x400;20000;8;69287;
M400x400;20000;8;81685;
M400x400;20000;8;74699;
M400x400;20000;8;70534;
M400x400;20000;8;77838;
M400x400;20000;8;69897;
M400x400;20000;8;75406;
M800x800;80000;8;482175;
M800x800;80000;8;468612;
M800x800;80000;8;487653;
M800x800;80000;8;495070;
M800x800;80000;8;501138;
M800x800;80000;8;490423;
M800x800;80000;8;499781;
M800x800;80000;8;488327;
M800x800;80000;8;488735;
M800x800;80000;8;468604;
M1600x1600;320000;8;6102274;
M1600x1600;320000;8;6006194;
M1600x1600;320000;8;5967246;
M1600x1600;320000;8;5796253;
M1600x1600;320000;8;5797517;
M1600x1600;320000;8;6116806;
M1600x1600;320000;8;5776597;
M1600x1600;320000;8;5779861;
M1600x1600;320000;8;5800746;
M1600x1600;320000;8;5779684;
M2200x2200;605000;8;18294002;
M2200x2200;605000;8;18701002;
M2200x2200;605000;8;19641987;
M2200x2200;605000;8;19004789;
M2200x2200;605000;8;18934166;
M2200x2200;605000;8;19211319;
M2200x2200;605000;8;19166818;
M2200x2200;605000;8;19233039;
M2200x2200;605000;8;19810418;
M2200x2200;605000;8;19374475;
