100 100
c[45][0] 109359
c[45][1] 111737
c[45][2] 108913
c[45][3] 108750
c[45][4] 93021
c[45][5] 111667
c[45][6] 109504
c[45][7] 121234
c[45][8] 109197
c[45][9] 104038
c[45][10] 117908
c[45][11] 104651
c[45][12] 96114
c[45][13] 129172
c[45][14] 114251
c[45][15] 115547
c[45][16] 108723
c[45][17] 109597
c[45][18] 115467
c[45][19] 103711
c[45][20] 111679
c[45][21] 117176
c[45][22] 120143
c[45][23] 112632
c[45][24] 111639
c[45][25] 107987
c[45][26] 124091
c[45][27] 119355
c[45][28] 122115
c[45][29] 118453
c[45][30] 107846
c[45][31] 102791
c[45][32] 102554
c[45][33] 125161
c[45][34] 110254
c[45][35] 116139
c[45][36] 106592
c[45][37] 119998
c[45][38] 123588
c[45][39] 120600
c[45][40] 117354
c[45][41] 103359
c[45][42] 106414
c[45][43] 112394
c[45][44] 112541
c[45][45] 113140
c[45][46] 106542
c[45][47] 138552
c[45][48] 118818
c[45][49] 99455
c[45][50] 127011
c[45][51] 112524
c[45][52] 115753
c[45][53] 116431
c[45][54] 117787
c[45][55] 95861
c[45][56] 122005
c[45][57] 116197
c[45][58] 112997
c[45][59] 117589
c[45][60] 116195
c[45][61] 98285
c[45][62] 128708
c[45][63] 110837
c[45][64] 118104
c[45][65] 106222
c[45][66] 102063
c[45][67] 109573
c[45][68] 110400
c[45][69] 125222
c[45][70] 97808
c[45][71] 105132
c[45][72] 118458
c[45][73] 109294
c[45][74] 126956
c[45][75] 131335
c[45][76] 126115
c[45][77] 106724
c[45][78] 114819
c[45][79] 114085
c[45][80] 126423
c[45][81] 114761
c[45][82] 120484
c[45][83] 122376
c[45][84] 109841
c[45][85] 115783
c[45][86] 110985
c[45][87] 99493
c[45][88] 111963
c[45][89] 113732
c[45][90] 120912
c[45][91] 114013
c[45][92] 124616
c[45][93] 115153
c[45][94] 105097
c[45][95] 118745
c[45][96] 107647
c[45][97] 107813
c[45][98] 116081
c[45][99] 116767
c[46][0] 122058
c[46][1] 121003
c[46][2] 126785
c[46][3] 116203
c[46][4] 114619
c[46][5] 122147
c[46][6] 114770
c[46][7] 123351
c[46][8] 135351
c[46][9] 117174
c[46][10] 126924
c[46][11] 120121
c[46][12] 112501
c[46][13] 134993
c[46][14] 136771
c[46][15] 131416
c[46][16] 127379
c[46][17] 112944
c[46][18] 119250
c[46][19] 121485
c[46][20] 108672
c[46][21] 138457
c[46][22] 135910
c[46][23] 119852
c[46][24] 126131
15
