100 100
c[90][0] 111182
c[90][1] 113690
c[90][2] 117153
c[90][3] 94428
c[90][4] 103563
c[90][5] 110713
c[90][6] 109543
c[90][7] 120554
c[90][8] 118200
c[90][9] 107853
c[90][10] 117928
c[90][11] 107494
c[90][12] 99270
c[90][13] 131716
c[90][14] 124076
c[90][15] 114032
c[90][16] 105315
c[90][17] 110839
c[90][18] 106632
c[90][19] 107407
c[90][20] 104421
c[90][21] 117910
c[90][22] 120203
c[90][23] 109347
c[90][24] 110164
c[90][25] 114703
c[90][26] 127618
c[90][27] 116027
c[90][28] 120633
c[90][29] 119150
c[90][30] 115152
c[90][31] 104084
c[90][32] 93331
c[90][33] 118278
c[90][34] 116696
c[90][35] 112136
c[90][36] 101020
c[90][37] 111550
c[90][38] 124187
c[90][39] 111009
c[90][40] 120502
c[90][41] 118182
c[90][42] 98511
c[90][43] 112724
c[90][44] 100627
c[90][45] 113366
c[90][46] 100818
c[90][47] 133403
c[90][48] 120187
c[90][49] 108518
c[90][50] 109207
c[90][51] 114821
c[90][52] 112754
c[90][53] 109339
c[90][54] 123486
c[90][55] 108336
c[90][56] 125583
c[90][57] 113350
c[90][58] 107073
c[90][59] 120808
c[90][60] 112327
c[90][61] 110727
c[90][62] 131174
c[90][63] 112856
c[90][64] 103074
c[90][65] 112452
c[90][66] 100055
c[90][67] 107977
c[90][68] 111937
c[90][69] 110243
c[90][70] 102351
c[90][71] 113096
c[90][72] 108211
c[90][73] 99244
c[90][74] 120379
c[90][75] 128517
c[90][76] 124954
c[90][77] 103438
c[90][78] 114858
c[90][79] 112586
c[90][80] 122371
c[90][81] 116564
c[90][82] 120821
c[90][83] 113988
c[90][84] 121242
c[90][85] 101289
c[90][86] 117337
c[90][87] 103165
c[90][88] 114298
c[90][89] 112819
c[90][90] 117539
c[90][91] 116697
c[90][92] 117527
c[90][93] 113354
c[90][94] 106729
c[90][95] 109285
c[90][96] 125643
c[90][97] 107949
c[90][98] 115434
c[90][99] 120239
c[91][0] 108366
c[91][1] 107293
c[91][2] 108956
c[91][3] 105168
c[91][4] 94708
c[91][5] 108931
c[91][6] 104319
c[91][7] 108753
c[91][8] 110092
c[91][9] 115350
c[91][10] 123407
c[91][11] 108233
c[91][12] 92726
c[91][13] 120368
c[91][14] 119737
c[91][15] 104676
c[91][16] 108780
c[91][17] 106877
c[91][18] 106239
c[91][19] 99378
c[91][20] 98981
c[91][21] 120290
c[91][22] 115946
c[91][23] 108747
c[91][24] 109673
181
