100 100
c[57][50] 134494
c[57][51] 124708
c[57][52] 117138
c[57][53] 121033
c[57][54] 135153
c[57][55] 109209
c[57][56] 126890
c[57][57] 124264
c[57][58] 125659
c[57][59] 134135
c[57][60] 116186
c[57][61] 116585
c[57][62] 139713
c[57][63] 117314
c[57][64] 122290
c[57][65] 110947
c[57][66] 104873
c[57][67] 122527
c[57][68] 115852
c[57][69] 123089
c[57][70] 106063
c[57][71] 119880
c[57][72] 122313
c[57][73] 118179
c[57][74] 130207
c[57][75] 135171
c[57][76] 135662
c[57][77] 120457
c[57][78] 129727
c[57][79] 136098
c[57][80] 140414
c[57][81] 116371
c[57][82] 130668
c[57][83] 133259
c[57][84] 128873
c[57][85] 113090
c[57][86] 129431
c[57][87] 117291
c[57][88] 115955
c[57][89] 124670
c[57][90] 118275
c[57][91] 123120
c[57][92] 133626
c[57][93] 123083
c[57][94] 123811
c[57][95] 124424
c[57][96] 123827
c[57][97] 113745
c[57][98] 125737
c[57][99] 126395
c[58][0] 140757
c[58][1] 142818
c[58][2] 134402
c[58][3] 128521
c[58][4] 116267
c[58][5] 131443
c[58][6] 124029
c[58][7] 130829
c[58][8] 138926
c[58][9] 136196
c[58][10] 141881
c[58][11] 126840
c[58][12] 118210
c[58][13] 151965
c[58][14] 148688
c[58][15] 135965
c[58][16] 134181
c[58][17] 126628
c[58][18] 125633
c[58][19] 135037
c[58][20] 128477
c[58][21] 137925
c[58][22] 146861
c[58][23] 127898
c[58][24] 132756
c[58][25] 137545
c[58][26] 144987
c[58][27] 143692
c[58][28] 147023
c[58][29] 139337
c[58][30] 133452
c[58][31] 125906
c[58][32] 123974
c[58][33] 142560
c[58][34] 128011
c[58][35] 132947
c[58][36] 131010
c[58][37] 144419
c[58][38] 151546
c[58][39] 133946
c[58][40] 150336
c[58][41] 142069
c[58][42] 122878
c[58][43] 137808
c[58][44] 124634
c[58][45] 127515
c[58][46] 123012
c[58][47] 160869
c[58][48] 148302
c[58][49] 128478
c[58][50] 146647
c[58][51] 137442
c[58][52] 132150
c[58][53] 137379
c[58][54] 147456
c[58][55] 121004
c[58][56] 144676
c[58][57] 139998
c[58][58] 133479
c[58][59] 138354
c[58][60] 136852
c[58][61] 131599
c[58][62] 158445
c[58][63] 134352
c[58][64] 140417
c[58][65] 123178
c[58][66] 120117
c[58][67] 127265
c[58][68] 136654
c[58][69] 140793
c[58][70] 127685
c[58][71] 129873
c[58][72] 134181
c[58][73] 130297
c[58][74] 150551
22
