100 100
c[95][0] 131312
c[95][1] 124227
c[95][2] 118209
c[95][3] 117993
c[95][4] 104547
c[95][5] 115129
c[95][6] 113340
c[95][7] 132337
c[95][8] 132060
c[95][9] 118119
c[95][10] 130298
c[95][11] 119246
c[95][12] 112760
c[95][13] 133716
c[95][14] 128948
c[95][15] 123619
c[95][16] 126543
c[95][17] 113637
c[95][18] 118177
c[95][19] 122525
c[95][20] 122958
c[95][21] 129695
c[95][22] 139273
c[95][23] 124532
c[95][24] 119478
c[95][25] 119049
c[95][26] 129552
c[95][27] 132154
c[95][28] 123127
c[95][29] 129664
c[95][30] 117789
c[95][31] 113219
c[95][32] 108003
c[95][33] 127824
c[95][34] 125532
c[95][35] 126428
c[95][36] 112573
c[95][37] 126600
c[95][38] 137500
c[95][39] 125933
c[95][40] 137119
c[95][41] 124207
c[95][42] 107986
c[95][43] 122884
c[95][44] 114719
c[95][45] 126588
c[95][46] 116064
c[95][47] 147265
c[95][48] 129502
c[95][49] 109337
c[95][50] 139432
c[95][51] 119464
c[95][52] 126839
c[95][53] 118892
c[95][54] 133095
c[95][55] 111506
c[95][56] 129317
c[95][57] 125514
c[95][58] 116838
c[95][59] 130870
c[95][60] 123378
c[95][61] 114035
c[95][62] 140128
c[95][63] 115273
c[95][64] 121506
c[95][65] 113892
c[95][66] 112983
c[95][67] 123705
c[95][68] 127482
c[95][69] 133119
c[95][70] 111707
c[95][71] 119563
c[95][72] 122630
c[95][73] 116656
c[95][74] 139422
c[95][75] 138382
c[95][76] 136671
c[95][77] 111839
c[95][78] 122682
c[95][79] 122253
c[95][80] 131203
c[95][81] 119218
c[95][82] 125238
c[95][83] 131338
c[95][84] 123632
c[95][85] 117652
c[95][86] 125003
c[95][87] 108556
c[95][88] 129338
c[95][89] 116841
c[95][90] 132586
c[95][91] 124183
c[95][92] 133729
c[95][93] 129887
c[95][94] 120493
c[95][95] 134722
c[95][96] 124979
c[95][97] 108951
c[95][98] 120828
c[95][99] 124418
c[96][0] 137742
c[96][1] 135229
c[96][2] 136797
c[96][3] 124192
c[96][4] 120150
c[96][5] 129421
c[96][6] 133938
c[96][7] 136874
c[96][8] 137615
c[96][9] 131749
c[96][10] 138815
c[96][11] 134898
c[96][12] 127388
c[96][13] 144836
c[96][14] 141810
c[96][15] 144203
c[96][16] 137599
c[96][17] 128929
c[96][18] 127573
c[96][19] 133048
c[96][20] 124414
c[96][21] 151637
c[96][22] 147861
c[96][23] 141478
c[96][24] 131046
17
