100 100
c[40][0] 121458
c[40][1] 122719
c[40][2] 116988
c[40][3] 112061
c[40][4] 105363
c[40][5] 122333
c[40][6] 124358
c[40][7] 134345
c[40][8] 137535
c[40][9] 118063
c[40][10] 125073
c[40][11] 124786
c[40][12] 113555
c[40][13] 145428
c[40][14] 130735
c[40][15] 136380
c[40][16] 125522
c[40][17] 121810
c[40][18] 123746
c[40][19] 118746
c[40][20] 116873
c[40][21] 139637
c[40][22] 131512
c[40][23] 121977
c[40][24] 132513
c[40][25] 116867
c[40][26] 144406
c[40][27] 135142
c[40][28] 137293
c[40][29] 131559
c[40][30] 122541
c[40][31] 117360
c[40][32] 120476
c[40][33] 131141
c[40][34] 122064
c[40][35] 124669
c[40][36] 126582
c[40][37] 129132
c[40][38] 144852
c[40][39] 125026
c[40][40] 137377
c[40][41] 120921
c[40][42] 121131
c[40][43] 120702
c[40][44] 117954
c[40][45] 117368
c[40][46] 116616
c[40][47] 148515
c[40][48] 147342
c[40][49] 120648
c[40][50] 141250
c[40][51] 126674
c[40][52] 126843
c[40][53] 126346
c[40][54] 141281
c[40][55] 112523
c[40][56] 136111
c[40][57] 130437
c[40][58] 128412
c[40][59] 136774
c[40][60] 129183
c[40][61] 125199
c[40][62] 145872
c[40][63] 131729
c[40][64] 122614
c[40][65] 111129
c[40][66] 108592
c[40][67] 124569
c[40][68] 121556
c[40][69] 135405
c[40][70] 113608
c[40][71] 120972
c[40][72] 127115
c[40][73] 120910
c[40][74] 145009
c[40][75] 137367
c[40][76] 135051
c[40][77] 117882
c[40][78] 130859
c[40][79] 136275
c[40][80] 138403
c[40][81] 128218
c[40][82] 133782
c[40][83] 131019
c[40][84] 129877
c[40][85] 118876
c[40][86] 131398
c[40][87] 110892
c[40][88] 125954
c[40][89] 135592
c[40][90] 126965
c[40][91] 133985
c[40][92] 141698
c[40][93] 118004
c[40][94] 127025
c[40][95] 124576
c[40][96] 126346
c[40][97] 128762
c[40][98] 134131
c[40][99] 141776
c[41][0] 117367
c[41][1] 121935
c[41][2] 118655
c[41][3] 107316
c[41][4] 111572
c[41][5] 121939
c[41][6] 113571
c[41][7] 110860
c[41][8] 126681
c[41][9] 111340
c[41][10] 117644
c[41][11] 112055
c[41][12] 109707
c[41][13] 129241
c[41][14] 123885
c[41][15] 121668
c[41][16] 121688
c[41][17] 103886
c[41][18] 115296
c[41][19] 108856
c[41][20] 115978
c[41][21] 124800
c[41][22] 127218
c[41][23] 110982
c[41][24] 119047
46
