100 100
c[26][25] 126405
c[26][26] 134262
c[26][27] 133364
c[26][28] 137468
c[26][29] 134338
c[26][30] 128146
c[26][31] 126042
c[26][32] 123274
c[26][33] 139127
c[26][34] 133665
c[26][35] 130322
c[26][36] 126633
c[26][37] 130366
c[26][38] 139364
c[26][39] 129714
c[26][40] 133264
c[26][41] 136594
c[26][42] 114292
c[26][43] 126585
c[26][44] 123103
c[26][45] 124026
c[26][46] 123926
c[26][47] 159498
c[26][48] 134655
c[26][49] 124300
c[26][50] 145964
c[26][51] 132917
c[26][52] 126671
c[26][53] 120818
c[26][54] 145339
c[26][55] 125659
c[26][56] 140243
c[26][57] 137627
c[26][58] 127869
c[26][59] 137214
c[26][60] 128208
c[26][61] 124221
c[26][62] 152506
c[26][63] 126726
c[26][64] 119525
c[26][65] 122602
c[26][66] 116040
c[26][67] 130985
c[26][68] 133590
c[26][69] 130413
c[26][70] 122252
c[26][71] 127856
c[26][72] 132022
c[26][73] 117402
c[26][74] 147646
c[26][75] 141254
c[26][76] 142898
c[26][77] 129314
c[26][78] 134587
c[26][79] 137234
c[26][80] 148754
c[26][81] 131143
c[26][82] 139733
c[26][83] 130350
c[26][84] 128081
c[26][85] 118259
c[26][86] 139381
c[26][87] 122289
c[26][88] 130366
c[26][89] 133683
c[26][90] 136340
c[26][91] 139639
c[26][92] 141113
c[26][93] 129423
c[26][94] 117506
c[26][95] 128796
c[26][96] 137277
c[26][97] 121852
c[26][98] 136768
c[26][99] 138463
c[27][0] 116259
c[27][1] 124982
c[27][2] 121123
c[27][3] 109769
c[27][4] 102877
c[27][5] 116434
c[27][6] 109866
c[27][7] 122617
c[27][8] 125044
c[27][9] 118808
c[27][10] 120159
c[27][11] 119873
c[27][12] 118328
c[27][13] 139572
c[27][14] 133174
c[27][15] 133148
c[27][16] 119116
c[27][17] 116180
c[27][18] 118795
c[27][19] 114614
c[27][20] 111399
c[27][21] 134886
c[27][22] 124172
c[27][23] 121490
c[27][24] 125034
c[27][25] 118402
c[27][26] 135995
c[27][27] 134232
c[27][28] 131135
c[27][29] 127688
c[27][30] 125453
c[27][31] 110008
c[27][32] 116071
c[27][33] 123221
c[27][34] 119503
c[27][35] 120273
c[27][36] 107399
c[27][37] 128149
c[27][38] 135458
c[27][39] 124769
c[27][40] 136907
c[27][41] 125735
c[27][42] 114067
c[27][43] 120752
c[27][44] 109689
c[27][45] 120872
c[27][46] 116989
c[27][47] 152046
c[27][48] 127922
c[27][49] 111207
20
