100 100
c[37][50] 115461
c[37][51] 118933
c[37][52] 111179
c[37][53] 113274
c[37][54] 127343
c[37][55] 113419
c[37][56] 129544
c[37][57] 126538
c[37][58] 124072
c[37][59] 129687
c[37][60] 101218
c[37][61] 115743
c[37][62] 132479
c[37][63] 123748
c[37][64] 123647
c[37][65] 110607
c[37][66] 99738
c[37][67] 112536
c[37][68] 111874
c[37][69] 123153
c[37][70] 97533
c[37][71] 106238
c[37][72] 114215
c[37][73] 114824
c[37][74] 125844
c[37][75] 134684
c[37][76] 132275
c[37][77] 110900
c[37][78] 126096
c[37][79] 122330
c[37][80] 127287
c[37][81] 110507
c[37][82] 127139
c[37][83] 115942
c[37][84] 118861
c[37][85] 117383
c[37][86] 122981
c[37][87] 106889
c[37][88] 119651
c[37][89] 121885
c[37][90] 114608
c[37][91] 117413
c[37][92] 132086
c[37][93] 113636
c[37][94] 114371
c[37][95] 116000
c[37][96] 122747
c[37][97] 109620
c[37][98] 129011
c[37][99] 127119
c[38][0] 113237
c[38][1] 109081
c[38][2] 101657
c[38][3] 99254
c[38][4] 94487
c[38][5] 109822
c[38][6] 102387
c[38][7] 103538
c[38][8] 109529
c[38][9] 98318
c[38][10] 112205
c[38][11] 106105
c[38][12] 100702
c[38][13] 117919
c[38][14] 112688
c[38][15] 112950
c[38][16] 116308
c[38][17] 100285
c[38][18] 104333
c[38][19] 106650
c[38][20] 105910
c[38][21] 116028
c[38][22] 117529
c[38][23] 101588
c[38][24] 106196
c[38][25] 106792
c[38][26] 113188
c[38][27] 123286
c[38][28] 113909
c[38][29] 121119
c[38][30] 110249
c[38][31] 102068
c[38][32] 103150
c[38][33] 119234
c[38][34] 109412
c[38][35] 110300
c[38][36] 102238
c[38][37] 119324
c[38][38] 126121
c[38][39] 110354
c[38][40] 122004
c[38][41] 111421
c[38][42] 103311
c[38][43] 108874
c[38][44] 106715
c[38][45] 112113
c[38][46] 103995
c[38][47] 128362
c[38][48] 113704
c[38][49] 105097
c[38][50] 117201
c[38][51] 106165
c[38][52] 109343
c[38][53] 116845
c[38][54] 116496
c[38][55] 98047
c[38][56] 116283
c[38][57] 114139
c[38][58] 107982
c[38][59] 117418
c[38][60] 108900
c[38][61] 100679
c[38][62] 121848
c[38][63] 109284
c[38][64] 112031
c[38][65] 99644
c[38][66] 93156
c[38][67] 109006
c[38][68] 110817
c[38][69] 117346
c[38][70] 105131
c[38][71] 105749
c[38][72] 115346
c[38][73] 111590
c[38][74] 118993
16
