100 100
c[28][75] 127443
c[28][76] 131949
c[28][77] 107248
c[28][78] 119399
c[28][79] 121812
c[28][80] 127739
c[28][81] 121604
c[28][82] 117901
c[28][83] 118698
c[28][84] 119627
c[28][85] 109255
c[28][86] 121960
c[28][87] 108966
c[28][88] 109071
c[28][89] 119340
c[28][90] 119363
c[28][91] 118036
c[28][92] 126451
c[28][93] 117760
c[28][94] 115382
c[28][95] 110445
c[28][96] 119885
c[28][97] 106388
c[28][98] 115569
c[28][99] 124684
c[29][0] 123413
c[29][1] 123793
c[29][2] 127887
c[29][3] 109792
c[29][4] 106202
c[29][5] 123815
c[29][6] 116480
c[29][7] 131490
c[29][8] 130551
c[29][9] 120124
c[29][10] 128573
c[29][11] 123449
c[29][12] 113197
c[29][13] 142675
c[29][14] 131840
c[29][15] 126114
c[29][16] 123553
c[29][17] 114241
c[29][18] 120713
c[29][19] 117073
c[29][20] 114931
c[29][21] 129342
c[29][22] 136931
c[29][23] 126966
c[29][24] 114018
c[29][25] 124699
c[29][26] 130381
c[29][27] 138939
c[29][28] 127758
c[29][29] 134607
c[29][30] 117914
c[29][31] 120469
c[29][32] 102795
c[29][33] 133547
c[29][34] 119556
c[29][35] 121113
c[29][36] 117418
c[29][37] 126233
c[29][38] 132163
c[29][39] 126127
c[29][40] 133346
c[29][41] 120536
c[29][42] 108090
c[29][43] 137661
c[29][44] 112386
c[29][45] 124331
c[29][46] 121605
c[29][47] 152298
c[29][48] 132942
c[29][49] 119176
c[29][50] 137701
c[29][51] 122879
c[29][52] 129414
c[29][53] 118640
c[29][54] 129591
c[29][55] 114723
c[29][56] 131528
c[29][57] 134523
c[29][58] 116564
c[29][59] 130545
c[29][60] 121173
c[29][61] 116458
c[29][62] 146190
c[29][63] 120447
c[29][64] 119087
c[29][65] 120706
c[29][66] 111987
c[29][67] 123402
c[29][68] 124552
c[29][69] 128890
c[29][70] 112064
c[29][71] 125501
c[29][72] 122385
c[29][73] 111954
c[29][74] 134367
c[29][75] 142047
c[29][76] 129531
c[29][77] 121140
c[29][78] 126152
c[29][79] 120878
c[29][80] 137809
c[29][81] 119365
c[29][82] 128454
c[29][83] 122831
c[29][84] 124799
c[29][85] 123861
c[29][86] 129791
c[29][87] 105239
c[29][88] 129265
c[29][89] 128438
c[29][90] 122325
c[29][91] 120841
c[29][92] 135664
c[29][93] 122724
c[29][94] 115498
c[29][95] 126026
c[29][96] 137152
c[29][97] 113798
c[29][98] 130445
c[29][99] 132830
11
