100 100
c[76][25] 124737
c[76][26] 129597
c[76][27] 126887
c[76][28] 131146
c[76][29] 126814
c[76][30] 123708
c[76][31] 115563
c[76][32] 119201
c[76][33] 128940
c[76][34] 127086
c[76][35] 120758
c[76][36] 113145
c[76][37] 127746
c[76][38] 129175
c[76][39] 113055
c[76][40] 125661
c[76][41] 128094
c[76][42] 110292
c[76][43] 119119
c[76][44] 116929
c[76][45] 117539
c[76][46] 107862
c[76][47] 148906
c[76][48] 121042
c[76][49] 107865
c[76][50] 131424
c[76][51] 126342
c[76][52] 122746
c[76][53] 116001
c[76][54] 137983
c[76][55] 119152
c[76][56] 134265
c[76][57] 126852
c[76][58] 124982
c[76][59] 132255
c[76][60] 119679
c[76][61] 117854
c[76][62] 135446
c[76][63] 123225
c[76][64] 120689
c[76][65] 106750
c[76][66] 110121
c[76][67] 120405
c[76][68] 117659
c[76][69] 128405
c[76][70] 107450
c[76][71] 111795
c[76][72] 119234
c[76][73] 118935
c[76][74] 134631
c[76][75] 136877
c[76][76] 138732
c[76][77] 117839
c[76][78] 120960
c[76][79] 133241
c[76][80] 126227
c[76][81] 123291
c[76][82] 127681
c[76][83] 133922
c[76][84] 122097
c[76][85] 111416
c[76][86] 126531
c[76][87] 108742
c[76][88] 119294
c[76][89] 122764
c[76][90] 130849
c[76][91] 123433
c[76][92] 136343
c[76][93] 118017
c[76][94] 118171
c[76][95] 119615
c[76][96] 124201
c[76][97] 112888
c[76][98] 125628
c[76][99] 125801
c[77][0] 127823
c[77][1] 120807
c[77][2] 127280
c[77][3] 119608
c[77][4] 110070
c[77][5] 120781
c[77][6] 121214
c[77][7] 123225
c[77][8] 129852
c[77][9] 124570
c[77][10] 132508
c[77][11] 127970
c[77][12] 113694
c[77][13] 142213
c[77][14] 143977
c[77][15] 134235
c[77][16] 131422
c[77][17] 114405
c[77][18] 118641
c[77][19] 120329
c[77][20] 122172
c[77][21] 128284
c[77][22] 139448
c[77][23] 114403
c[77][24] 124768
c[77][25] 126948
c[77][26] 135040
c[77][27] 137949
c[77][28] 132920
c[77][29] 133292
c[77][30] 129611
c[77][31] 127643
c[77][32] 123382
c[77][33] 141257
c[77][34] 126138
c[77][35] 130426
c[77][36] 116963
c[77][37] 130049
c[77][38] 139730
c[77][39] 121332
c[77][40] 131604
c[77][41] 128130
c[77][42] 111697
c[77][43] 122806
c[77][44] 120402
c[77][45] 123340
c[77][46] 117418
c[77][47] 158475
c[77][48] 133832
c[77][49] 118094
14
