100 100
c[91][25] 110022
c[91][26] 117450
c[91][27] 114903
c[91][28] 115676
c[91][29] 116007
c[91][30] 105970
c[91][31] 105416
c[91][32] 100533
c[91][33] 117261
c[91][34] 115210
c[91][35] 112157
c[91][36] 107830
c[91][37] 111314
c[91][38] 126293
c[91][39] 109838
c[91][40] 117830
c[91][41] 105660
c[91][42] 105933
c[91][43] 106116
c[91][44] 103434
c[91][45] 111861
c[91][46] 100496
c[91][47] 127917
c[91][48] 116183
c[91][49] 95612
c[91][50] 118628
c[91][51] 109653
c[91][52] 109817
c[91][53] 111146
c[91][54] 119070
c[91][55] 101947
c[91][56] 111433
c[91][57] 110249
c[91][58] 107524
c[91][59] 121502
c[91][60] 112646
c[91][61] 105212
c[91][62] 125414
c[91][63] 107099
c[91][64] 114020
c[91][65] 104509
c[91][66] 96521
c[91][67] 110416
c[91][68] 114011
c[91][69] 114190
c[91][70] 111008
c[91][71] 110011
c[91][72] 108429
c[91][73] 103492
c[91][74] 119973
c[91][75] 117819
c[91][76] 122104
c[91][77] 102981
c[91][78] 121607
c[91][79] 115080
c[91][80] 119985
c[91][81] 107732
c[91][82] 107101
c[91][83] 115819
c[91][84] 107671
c[91][85] 102283
c[91][86] 118441
c[91][87] 94577
c[91][88] 114490
c[91][89] 109566
c[91][90] 114908
c[91][91] 108459
c[91][92] 114940
c[91][93] 109190
c[91][94] 103570
c[91][95] 122356
c[91][96] 119772
c[91][97] 104450
c[91][98] 117574
c[91][99] 111900
c[92][0] 117735
c[92][1] 118374
c[92][2] 123551
c[92][3] 108400
c[92][4] 101792
c[92][5] 117418
c[92][6] 111278
c[92][7] 116471
c[92][8] 125838
c[92][9] 112372
c[92][10] 113886
c[92][11] 117620
c[92][12] 105970
c[92][13] 127337
c[92][14] 128004
c[92][15] 116033
c[92][16] 113710
c[92][17] 114261
c[92][18] 113436
c[92][19] 120725
c[92][20] 116211
c[92][21] 128473
c[92][22] 126387
c[92][23] 115836
c[92][24] 112426
c[92][25] 120289
c[92][26] 130286
c[92][27] 124809
c[92][28] 120378
c[92][29] 126342
c[92][30] 109609
c[92][31] 109048
c[92][32] 102715
c[92][33] 127081
c[92][34] 122352
c[92][35] 116488
c[92][36] 112847
c[92][37] 128648
c[92][38] 126793
c[92][39] 125863
c[92][40] 133040
c[92][41] 122846
c[92][42] 109985
c[92][43] 122870
c[92][44] 104640
c[92][45] 118118
c[92][46] 109386
c[92][47] 130466
c[92][48] 135184
c[92][49] 110565
12
