100 100
c[46][25] 120123
c[46][26] 127048
c[46][27] 140337
c[46][28] 135484
c[46][29] 135543
c[46][30] 125460
c[46][31] 119974
c[46][32] 115557
c[46][33] 136335
c[46][34] 130422
c[46][35] 132402
c[46][36] 125857
c[46][37] 122518
c[46][38] 145232
c[46][39] 125496
c[46][40] 139322
c[46][41] 125042
c[46][42] 114793
c[46][43] 127227
c[46][44] 115494
c[46][45] 122902
c[46][46] 121798
c[46][47] 142787
c[46][48] 138134
c[46][49] 120429
c[46][50] 145249
c[46][51] 123413
c[46][52] 126626
c[46][53] 118326
c[46][54] 137518
c[46][55] 122554
c[46][56] 130293
c[46][57] 126735
c[46][58] 118668
c[46][59] 138079
c[46][60] 123726
c[46][61] 120878
c[46][62] 143866
c[46][63] 123320
c[46][64] 116842
c[46][65] 111107
c[46][66] 112526
c[46][67] 125873
c[46][68] 128469
c[46][69] 126750
c[46][70] 117914
c[46][71] 129988
c[46][72] 124399
c[46][73] 107649
c[46][74] 141008
c[46][75] 137085
c[46][76] 129986
c[46][77] 122419
c[46][78] 136591
c[46][79] 122791
c[46][80] 141090
c[46][81] 128917
c[46][82] 129277
c[46][83] 120559
c[46][84] 124725
c[46][85] 115558
c[46][86] 129984
c[46][87] 115581
c[46][88] 125955
c[46][89] 130390
c[46][90] 124929
c[46][91] 132972
c[46][92] 136722
c[46][93] 121083
c[46][94] 119454
c[46][95] 126810
c[46][96] 133423
c[46][97] 117414
c[46][98] 125486
c[46][99] 126290
c[47][0] 117328
c[47][1] 110598
c[47][2] 116837
c[47][3] 102896
c[47][4] 95258
c[47][5] 110099
c[47][6] 111499
c[47][7] 112873
c[47][8] 111563
c[47][9] 109658
c[47][10] 119087
c[47][11] 112915
c[47][12] 109844
c[47][13] 126636
c[47][14] 122605
c[47][15] 111939
c[47][16] 112045
c[47][17] 115610
c[47][18] 107428
c[47][19] 104992
c[47][20] 99091
c[47][21] 118586
c[47][22] 120176
c[47][23] 114215
c[47][24] 105903
c[47][25] 113155
c[47][26] 126568
c[47][27] 118880
c[47][28] 118555
c[47][29] 113861
c[47][30] 120627
c[47][31] 103568
c[47][32] 108076
c[47][33] 118329
c[47][34] 116079
c[47][35] 110640
c[47][36] 112177
c[47][37] 122622
c[47][38] 130155
c[47][39] 110578
c[47][40] 128190
c[47][41] 116660
c[47][42] 101956
c[47][43] 116327
c[47][44] 109213
c[47][45] 116110
c[47][46] 110854
c[47][47] 140301
c[47][48] 118224
c[47][49] 109673
12
