20
20
62
68
80
59
0
28
49
14
91
44
93
11
3
58
85
72
68
44
56
99
49
97
2
85
62
44
85
20
57
97
46
19
65
79
30
17
59
80
83
51
24
76
62
79
87
99
51
55
43
59
6
44
9
8
29
71
4
67
44
61
64
42
33
81
21
63
98
81
95
81
32
71
58
46
50
97
98
53
52
93
65
58
38
74
18
19
45
23
86
89
36
2
32
69
35
5
85
33
86
80
67
70
52
77
69
54
74
67
60
26
12
25
36
50
99
54
70
96
29
8
86
66
11
70
87
46
75
72
32
14
53
99
84
57
28
5
11
2
24
23
80
37
48
16
39
47
22
9
44
52
70
82
18
33
52
5
79
79
30
63
93
83
14
30
92
42
35
55
44
60
79
76
49
27
92
88
27
67
50
23
19
20
57
89
53
61
46
84
40
76
48
34
11
14
64
3
57
51
11
53
11
90
30
60
69
74
1
48
41
51
23
12
71
80
53
76
41
0
60
82
76
60
16
40
75
32
95
32
83
6
37
47
48
67
59
70
94
60
18
87
63
42
0
34
22
5
10
16
5
23
98
34
83
66
74
58
50
21
42
33
28
80
32
28
99
44
98
45
4
17
33
68
11
85
54
33
90
17
1
48
40
99
82
75
17
8
86
67
29
28
53
9
60
85
38
60
81
36
57
86
5
90
6
16
27
12
2
18
81
3
66
21
55
0
49
72
8
35
40
37
63
45
47
24
82
37
36
64
25
93
2
31
36
60
99
63
72
53
33
54
9
51
27
64
51
76
88
11
11
28
49
27
73
48
3
56
85
91
72
62
36
74
93
72
34
45
88
6
50
73
12
59
25
40
23
28
68
12
40
32
92
41
59
18
41
14
26
78
5
98
40
93
72
86
66
58
83
6
64
33
