20
20
6
10
45
27
46
10
45
33
43
37
6
28
39
19
18
30
12
41
24
0
21
49
46
17
2
11
26
20
19
27
15
26
37
13
5
35
25
0
18
18
38
24
49
29
46
17
11
10
10
35
11
32
36
9
1
38
21
27
8
42
6
25
18
45
38
25
30
13
26
49
32
16
25
33
47
21
0
8
32
11
43
45
45
29
4
46
19
27
25
29
20
32
4
40
27
45
16
10
8
44
9
42
12
34
25
9
8
28
19
42
41
12
39
36
43
45
32
12
23
7
43
45
41
49
37
21
44
5
31
5
49
40
49
13
26
25
24
36
5
43
28
46
7
17
34
0
13
16
14
38
25
7
35
17
9
22
38
3
28
19
8
29
11
8
45
37
35
19
24
40
15
4
38
22
24
22
23
39
40
37
29
15
47
14
34
6
38
22
11
18
43
20
0
4
30
45
44
17
16
20
9
31
24
47
4
0
21
27
39
11
16
20
28
15
34
13
23
25
35
35
43
31
7
43
35
39
38
29
6
5
1
15
38
28
12
42
28
35
21
20
46
40
40
24
5
27
37
31
2
25
16
45
6
25
41
43
14
29
23
20
36
26
35
25
4
49
19
33
34
41
5
30
31
45
6
38
24
46
19
26
21
37
24
29
12
15
22
26
46
47
48
35
24
33
12
28
34
31
13
18
24
18
0
7
16
7
46
40
3
17
19
26
5
45
5
17
10
29
46
8
27
44
43
1
28
5
31
12
39
45
33
15
15
33
23
33
42
19
26
47
36
47
25
43
42
30
11
4
10
7
12
39
3
8
40
31
15
23
46
6
20
29
22
36
14
45
21
9
16
47
6
4
46
32
48
38
14
11
44
26
20
9
15
23
17
7
7
34
31
5
41
1
36
13
39
0
8
13
9
26
